OUTPUT-RE/DISPLACEMENTS/Means/Mean_20th_Earthq_475m_Ru=0.27_20m_res.asc
ncols         654
nrows         1178
xllcorner     514480
yllcorner     4496780
cellsize      20
nodata_value  -9999.0
[rows 156 to 194 of 1178, columns 348 to 434 of 654]
1.26 1.26 1.26 nan nan nan nan 1.26 1.26 1.26 0.07 0.00 0.00 1.26 nan 1.26 1.26 0.67 0.00 0.00 0.00 0.00 0.00 0.01 1.26 nan 1.26 1.26 1.26 nan nan nan nan nan 1257.05 1256.63 1256.63 nan nan nan nan 1255.78 1255.78 1255.36 nan 1254.93 1254.93 1254.93 1254.51 nan nan nan nan nan nan nan nan nan nan nan nan nan nan nan nan nan nan nan 1251.07 nan nan nan nan nan nan nan 1.25 nan nan 1.25 0.00 0.00 0.00 0.00 1.25 nan 1.25
0.00 1.26 1.26 nan nan nan nan 1.26 1.26 1.26 0.00 0.00 0.00 1.26 1.26 1.26 1.26 1.26 0.11 0.06 0.00 0.00 0.02 1.26 nan nan 1.26 1.26 1.26 1.26 nan nan nan nan nan 1256.63 1256.63 nan nan nan nan nan nan nan nan nan 1254.93 1254.93 nan nan nan nan nan nan nan nan 1.25 nan nan nan nan nan nan nan nan nan 6.05 nan nan nan nan 1.25 nan nan nan 1.25 1.25 nan nan 1.25 0.00 0.00 0.00 1.25 1.25 1.25 nan
1.26 1.26 1.26 1.26 1.26 1.26 1.26 1.26 1.26 1.26 0.00 0.00 0.00 0.00 1.26 0.02 0.06 1.26 1.26 1.26 1.26 1.26 1.26 1.26 nan nan 1.26 0.02 1.26 1.26 1.26 nan nan nan nan 1256.63 nan nan nan nan nan nan nan 1255.36 1255.36 nan 633.60 1254.93 nan nan nan nan nan nan nan nan 1.25 nan nan 1.25 nan nan nan nan 1.25 16.57 16.75 nan nan nan 1251.07 1.25 nan nan nan nan nan nan nan 1.25 0.00 0.00 0.00 1.25 1.25 1.25 1.25
nan nan nan 0.02 0.00 0.00 0.00 0.00 0.02 0.01 0.00 0.00 0.00 0.00 0.00 0.00 1.26 1.26 nan nan nan nan nan 1.26 nan nan 0.09 0.00 0.11 1.26 1.26 1.26 1.26 nan nan nan nan nan nan nan nan nan nan nan 511.71 719.02 nan 1254.93 nan nan nan nan nan nan nan nan nan nan nan 1.25 1.25 nan nan nan nan 0.01 1.00 1251.50 nan nan 5.48 0.00 nan nan nan nan nan nan nan 1.25 0.00 0.00 0.01 1.25 1.25 1.25 1.25
nan nan 1.26 0.00 0.00 0.00 0.00 0.00 0.00 0.00 0.00 0.00 0.00 0.00 0.00 1.26 1.26 1.26 nan nan nan nan nan nan nan nan 0.00 0.00 0.00 0.00 0.18 1.26 1.26 1.26 nan nan nan nan nan nan 381.32 1255.78 nan nan nan nan nan nan 1254.51 nan nan nan nan nan nan nan nan nan nan 1.25 0.00 nan nan nan nan 1.25 0.01 73.07 nan nan nan nan nan nan nan nan nan nan nan nan 1.25 0.00 1.25 1.25 1.25 0.80 1.25
nan nan 1.26 0.00 0.00 0.00 0.00 0.00 0.00 0.00 0.00 0.10 0.01 0.00 1.26 1.26 1.26 1.26 nan nan nan nan nan 1.26 nan 1.26 0.00 0.00 0.00 0.00 0.00 0.00 0.00 1.26 nan nan nan nan nan 1256.74 1256.32 2.72 1.00 1255.89 nan nan nan nan nan nan nan 1254.61 nan nan nan nan nan nan 0.05 0.00 0.00 1.25 nan nan nan 1.25 0.79 0.01 nan nan nan nan nan 0.00 1.25 nan nan nan nan nan 1.25 0.00 1.25 nan nan 0.00 0.63
nan nan 1.26 0.01 0.00 0.00 0.02 0.01 0.03 1.26 1.26 1.26 nan nan nan 1.26 1.26 nan nan nan 1.26 1.26 1.26 1.26 1.26 1.26 0.00 0.00 0.00 0.00 0.00 0.00 0.00 nan nan nan nan 1.26 nan nan nan nan 1.00 1255.89 nan nan nan nan nan nan nan nan nan nan nan nan nan nan nan 1.25 0.00 0.00 nan nan nan nan 1.25 nan nan nan nan nan nan 0.00 0.00 nan nan nan nan nan 1.25 0.00 nan nan 1.25 0.00 0.00
1.26 1.26 1.26 1.26 0.02 1.26 1.26 1.26 1.26 0.12 1.26 1.26 nan nan nan 1.26 nan nan nan nan 1.26 1.26 1.26 1.26 1.26 0.00 0.00 0.00 0.00 0.00 0.00 0.00 0.00 1.26 nan nan nan nan nan nan nan nan nan nan nan 1255.47 nan nan nan 1255.04 1255.04 1254.61 7.67 1254.18 nan nan nan nan nan nan nan 0.00 nan nan nan nan nan 1.25 1.25 1.00 1251.60 nan 1.25 0.01 1.25 nan nan nan nan nan nan 1.25 nan nan 0.00 0.00 0.00
1.26 0.01 1.26 1.26 nan 1.26 0.37 0.17 1.26 1.26 1.26 1.26 nan nan 1.26 1.26 1.26 nan nan nan nan 1.26 1.26 1.26 1.26 0.00 1.23 0.00 0.00 0.00 0.00 0.00 0.00 0.00 1.26 nan nan nan nan nan nan nan nan nan nan nan 1255.47 1255.47 1.00 4.98 1255.04 8.60 1.00 1254.18 nan nan nan nan nan nan nan nan 0.65 1.25 nan nan nan nan nan 1251.60 1251.60 1251.17 0.56 0.00 0.00 1.25 nan nan nan nan nan 1.25 0.00 nan nan 1.25 1.25
0.00 0.00 0.95 1.26 nan nan 1.26 0.24 1.26 1.26 0.00 1.26 1.26 1.26 nan 1.26 1.26 1.26 1.26 nan nan 1.26 1.26 1.26 1.26 1.26 1.26 1.26 0.29 0.02 0.00 0.00 0.00 0.00 0.00 1.26 nan nan nan nan nan 1.26 nan nan nan nan nan 1.26 2.85 33.24 1255.04 691.82 30.22 1254.18 nan nan 1253.75 nan nan nan nan nan 1.25 nan nan nan nan nan nan nan nan nan 1.25 1.25 1.25 1.25 nan nan nan nan nan 1.25 1.25 nan nan 1.25 1.25
0.00 0.00 0.01 1.26 1.26 nan nan 1.26 1.26 1.26 1.26 nan 1.26 1.26 nan nan nan nan nan nan nan nan nan nan 1.26 nan 1.26 1.26 1.26 1.26 1.26 1.26 0.00 0.00 0.00 1.26 1.26 1.26 nan 1.26 1.26 1.26 1.26 nan nan nan nan nan 1.00 2.48 1.00 169.92 120.72 1067.30 1254.72 1254.72 1254.29 1254.29 73.35 1165.66 nan nan nan nan nan nan nan nan nan nan nan 201.94 1.25 nan nan 1.25 1.25 nan nan 1.25 1.25 0.00 0.00 nan nan nan 1.25
0.00 0.00 0.01 0.60 1.26 1.26 1.26 1.26 1.26 1.26 nan nan 1.26 nan nan nan nan nan nan nan nan nan nan nan 1.26 nan nan nan nan nan 1.26 1.26 1.26 0.00 0.03 1.26 1.26 1.26 1.26 0.52 1.26 1.26 nan nan nan nan nan nan 1.26 0.00 91.59 3.08 1.15 2.65 1254.72 nan nan 1254.29 26.11 868.69 1253.86 nan nan nan nan nan nan nan nan nan 0.03 1.00 nan nan nan nan nan nan nan nan 1.25 0.00 0.00 1.25 nan nan nan
0.00 0.00 0.01 0.00 0.08 1.26 1.26 1.26 1.26 nan nan nan nan nan nan nan nan nan nan nan nan nan nan nan 1.26 1.26 1.26 nan nan nan 1.26 1.26 1.26 1.26 0.01 0.00 0.01 0.00 0.00 0.00 1.26 nan nan 1.26 1.26 nan nan nan nan nan nan 6.88 1.00 1254.72 nan nan nan nan 1253.86 1253.86 1253.86 nan nan nan nan nan nan nan nan nan 0.00 1.00 1.25 nan 1.25 1.25 nan nan nan nan 0.00 0.00 0.00 1.25 nan nan nan
0.00 0.00 0.01 0.01 1262.99 1262.60 nan 1262.21 nan nan nan nan nan nan nan 1261.01 nan nan nan nan nan nan nan nan 1259.79 1.26 1.26 1.26 1.26 1.26 1.26 1.26 1.26 1.26 0.00 0.00 0.00 0.00 0.00 0.00 0.41 nan nan 1.26 nan nan nan nan nan nan 0.00 131.53 2.09 nan nan nan nan nan nan 1253.86 nan nan nan nan nan 1.25 nan nan nan 0.00 0.00 1.00 0.00 nan nan 1.25 1.25 nan nan nan 0.00 0.00 0.00 1.25 nan nan nan
0.01 0.06 1263.55 1263.55 1263.55 1263.17 1263.17 1262.77 1262.77 nan 1262.38 1262.38 nan 1261.98 1261.98 1261.58 1261.58 1261.17 1261.17 1261.17 22.81 1.14 11.74 1260.35 1.66 1.26 0.17 0.02 0.76 1.26 1.26 1.26 1.26 0.02 0.00 0.00 0.00 0.00 0.00 0.00 1.26 1.26 nan nan nan nan nan nan nan nan 0.00 0.00 1255.71 nan nan nan nan nan 1254.42 nan nan nan nan nan nan nan nan nan nan 0.00 0.00 0.00 1.25 nan nan 1.25 0.01 nan nan nan 0.00 0.00 0.00 nan nan nan nan
405.53 1263.94 1263.55 1263.55 1263.55 1013.46 nan nan 1262.77 1262.77 1262.38 1262.38 1261.98 1261.98 1261.98 nan 1261.58 18.69 1261.17 1261.17 5.57 37.90 11.07 1.00 1.00 1.26 1.26 0.00 0.01 0.01 1.26 1.26 0.01 0.00 0.01 0.00 0.00 0.00 0.00 0.00 1.26 1.26 nan nan nan nan nan nan nan nan 1.26 0.00 0.35 nan nan nan 1.00 1.00 3.01 629.26 nan nan nan nan nan nan nan nan 1.25 0.00 0.00 0.00 1.25 nan nan 0.06 0.00 1.25 nan nan nan 0.00 1.25 nan nan nan nan
1263.94 1263.94 1263.55 1263.55 1263.55 1263.17 nan nan nan 1262.77 nan nan nan 1261.98 nan nan 1261.58 416.40 1261.17 14.88 1183.20 1260.76 82.00 1.00 1260.35 1.26 1.26 0.01 0.01 0.02 1.26 1.26 0.48 0.07 0.23 0.07 0.00 0.00 0.00 0.01 1.26 1.26 1.26 nan nan nan nan nan nan nan nan nan 1.26 0.00 nan nan 1254.85 1.00 1.00 1.00 1254.42 nan nan nan nan nan nan 1.25 0.01 0.00 0.00 0.00 1.25 nan nan nan nan nan nan nan nan 0.07 1.25 nan nan 1.25 nan
nan 89.63 nan 1263.55 nan nan 1263.17 nan nan nan nan nan 1261.98 nan nan nan 1261.58 1261.17 1261.17 1261.17 nan nan 20.84 1260.35 nan nan 1.26 1.26 0.01 1.26 1.26 nan nan nan nan nan 0.00 0.00 0.00 1.26 nan 1.26 1.26 1.26 nan nan nan nan nan 1.26 1.26 nan nan 1.26 0.22 nan nan 0.00 0.00 1.00 20.37 1253.99 nan 1.25 0.00 0.00 0.00 0.00 0.00 0.00 0.00 0.00 0.79 nan nan nan nan 1.25 nan nan nan 0.03 nan nan nan 1.25 nan
nan nan nan nan 1263.55 nan 1263.17 nan nan nan nan nan 1261.98 nan nan nan nan nan 1261.17 nan nan nan nan nan nan nan 1.26 1.26 0.25 1.26 1.26 nan nan nan nan nan nan 1.26 1.26 nan nan 1.26 0.01 0.01 1.26 nan nan nan nan nan 1.26 nan 1.26 1.26 nan nan nan nan 1.25 0.00 1.25 1.25 1.25 1.25 0.00 0.00 0.00 0.00 0.00 0.00 0.00 0.00 0.00 1.25 1.25 nan nan nan nan nan nan 0.00 nan nan nan 1.25 nan
nan nan nan nan 1264.13 nan 1263.74 nan 1263.35 nan nan nan 1262.55 1262.55 1262.55 nan nan nan 1261.74 nan nan nan 1260.93 nan nan 1.26 1.26 1.26 1.26 1.26 nan nan nan nan nan nan nan nan 1.26 1.26 nan 0.01 0.02 0.00 0.00 1.26 nan nan nan nan 1.26 1.26 nan 1.26 1.26 nan nan nan nan nan nan 1.25 nan nan nan 0.00 0.00 0.00 0.00 0.00 0.00 0.00 0.00 0.00 0.00 1.25 nan nan nan nan nan nan nan nan nan nan nan
nan nan nan nan nan nan 1263.74 1263.35 nan nan nan nan 1262.55 9.88 nan nan nan nan nan nan nan nan 1260.93 nan nan 0.02 nan 1.26 1.26 1.26 1.26 nan nan nan nan nan nan nan 1.26 nan 1.26 0.20 1.26 0.00 0.00 0.00 nan nan nan nan nan 1.26 1.26 nan 0.26 1.26 nan nan nan nan nan nan nan nan nan nan 0.00 0.00 0.00 0.00 0.00 0.00 0.00 0.00 0.27 nan nan nan nan 1.25 nan nan nan 1.25 nan nan nan
nan nan nan nan nan 1263.74 2.91 1263.35 1263.35 3.21 nan 1262.95 1262.55 nan nan nan nan nan nan nan nan nan 691.95 nan 1260.93 1.26 1.26 0.01 1.26 1.26 1.26 1.26 nan nan 1.26 nan nan 1.26 nan nan 1.26 1.26 1.26 1.26 1.26 0.01 0.01 nan nan 1.26 1.26 nan 1.26 nan 1.26 0.00 1.26 1.26 1.25 nan nan nan nan nan nan nan 1.25 0.01 0.02 0.00 0.00 0.00 1.25 1.25 1.25 nan nan nan 0.00 1.25 nan nan nan nan nan 1.25 1.25
nan nan nan 1264.13 1264.13 1263.74 1.08 5.08 10.56 1263.35 1262.95 1.00 1212.01 nan nan nan 1262.15 1261.74 nan nan nan nan nan 332.93 1260.93 1.26 1.26 0.01 0.00 1.26 1.26 1.26 1.26 nan nan nan nan nan nan nan nan 1.26 0.06 1.26 1.26 1.26 1.26 0.00 1.26 nan 1.26 nan nan nan nan 0.05 0.00 0.00 0.00 1.25 nan nan nan nan nan nan nan 0.03 0.00 0.00 0.00 0.00 1.25 nan nan nan nan nan 0.02 0.00 1.25 nan nan nan 1.25 1.25 1.25
113.63 70.01 1.00 2.04 1264.72 1264.33 nan 31.99 1258.96 1.00 11.32 524.08 1263.14 nan nan 1262.74 1.00 1.00 57.11 nan nan nan nan nan nan 1.26 1.26 0.03 0.00 0.01 1.26 0.01 1.26 nan nan nan nan nan nan nan nan 1.26 1.26 1.26 1.26 1.26 nan 0.01 0.00 0.00 0.01 0.01 1.26 1.26 nan nan 1.26 1.26 1.26 1.26 0.43 0.01 1.26 nan nan nan nan nan 1.25 1.25 0.52 0.00 0.21 nan nan nan nan nan 1.25 0.00 1.25 1.25 1.25 nan nan 1.25 1.25
1.00 1.00 1.00 3.90 23.81 1264.33 nan 1263.93 280.75 1263.93 nan 1263.54 1263.14 nan nan 30.09 1.00 1.00 1.00 1262.33 nan nan nan nan 1261.51 nan 1.26 1.26 0.01 0.01 0.09 0.05 1.26 1.26 1.26 1.26 nan nan 1.26 1.26 1.26 nan 1.26 1.26 1.26 1.26 1.26 1.26 0.00 0.00 0.00 0.00 0.00 0.00 nan nan nan nan 1.26 1.26 1.26 nan nan nan nan nan 1.25 0.00 0.01 1.25 1.25 0.00 0.00 nan nan nan nan 1.25 1.25 1.25 1.25 1.25 nan nan nan nan nan
1.00 1.00 3.35 7.20 3.90 186.80 1264.33 nan nan nan nan 1263.54 1263.14 nan 1263.14 741.14 10.22 28.34 1.00 1.00 63.42 1261.92 nan nan nan nan 1.26 1.26 1.16 0.00 0.00 1.26 1.26 0.00 0.01 0.01 1.26 nan 1.26 1.26 0.06 1.26 1.26 1.26 1.26 1.26 0.12 1.26 0.02 0.00 0.00 0.00 0.00 0.01 nan nan nan nan 1.26 1.26 nan 1.26 1.26 1.25 1.25 1.25 nan nan 1.25 1.25 1.25 0.00 0.00 1.25 nan nan nan 1.25 0.04 1.25 1.25 1.25 nan nan 1.25 1.25 1.25
1.00 1.00 1.00 2.00 3.81 1264.33 1264.33 1263.93 nan nan 1263.54 1263.54 nan 1263.14 1.00 29.21 1262.74 98.91 1.17 6.11 1261.92 nan nan nan nan nan 0.16 0.03 0.04 0.02 0.01 1.26 1.26 0.01 0.01 0.01 1.26 1.26 nan 1.26 0.15 0.16 1.26 1.26 0.09 0.01 0.00 1.26 1.26 0.00 0.00 0.00 0.00 nan nan nan nan nan nan nan nan 1.26 0.00 0.04 1.25 1.25 1.25 1.25 1.25 1.25 0.99 0.00 0.00 0.00 nan nan nan 1.25 0.11 1.25 1.25 0.11 0.61 1.25 1.25 1.25 1.25
1.00 1.00 1.00 1.00 1.25 1264.33 nan 1263.93 nan 19.52 1097.80 nan 1263.14 116.74 10.45 31.15 717.69 34.52 8.71 1262.33 1261.92 1261.92 nan nan nan 1.26 0.00 0.01 0.01 0.08 0.37 1.26 1.22 0.02 0.01 0.12 1.26 1.26 nan 1.26 1.26 1.26 0.00 0.00 0.01 0.00 0.00 0.03 1.26 1.26 1.26 1.26 1.26 nan nan nan nan nan nan nan 1.26 0.01 0.00 0.02 1.25 1.25 1.25 1.25 1.25 0.26 1.25 0.00 0.00 0.00 0.00 nan nan nan 1.25 1.25 0.01 0.00 0.02 1.25 1.25 1.25 1.25
1.00 1.00 1.00 1.00 3.28 1.65 4.93 1264.53 4.19 1.00 95.12 nan 1263.74 575.45 133.23 75.27 116.81 140.68 1262.93 1262.93 nan nan nan nan 1262.11 1.26 0.00 0.00 0.04 0.05 1.26 0.55 1.26 0.20 0.02 1.26 1.26 nan 1.26 1.04 1.26 1.26 0.00 0.00 0.01 0.00 0.01 1.26 1.26 nan nan 1.26 nan nan nan nan nan nan nan nan 1.20 0.00 0.00 0.00 0.00 0.06 1.25 1.25 1.25 1.25 1.25 0.00 0.00 0.00 0.00 1.25 nan nan nan 0.00 0.00 0.00 0.02 0.02 0.01 1.25 1.25
1.00 1.00 1.00 1.00 1.00 1.00 1.00 1.90 1.00 3.95 1264.14 nan 1263.74 1263.74 655.45 14.30 13.23 44.26 1262.93 1222.51 nan nan 1262.11 1262.11 40.96 0.07 0.00 0.00 0.27 0.05 0.02 0.02 1.25 0.99 0.72 1.26 1.26 nan 1.26 1.26 nan 1.26 0.00 0.00 0.00 0.01 0.00 1.26 nan nan nan nan 1.26 nan nan nan nan nan nan 1.26 0.12 0.00 0.00 0.00 0.00 0.01 0.55 1.25 1.25 1.25 1.25 0.00 0.00 0.00 0.00 0.00 nan nan 1.25 0.00 0.00 0.00 0.00 0.00 0.04 0.00 0.00
1.00 1.00 1.00 1.00 1.00 1.76 7.09 5.78 1.23 6.58 1264.14 nan 1263.74 434.42 1263.74 7.78 1.00 341.12 1.00 127.90 1262.52 nan 1262.11 1262.11 1.00 0.00 0.00 0.00 0.02 0.01 0.00 0.01 0.00 0.00 0.00 0.00 0.11 1.26 1.26 1.26 1.26 1.26 0.00 0.00 0.00 0.01 0.00 1.26 1.26 nan nan nan nan 1.26 nan nan nan nan 1.26 0.43 0.04 0.02 0.01 0.00 0.00 0.00 0.22 1.25 1.25 1.25 1.25 0.00 0.00 0.00 0.00 0.00 0.04 1.25 0.01 0.00 0.00 0.00 0.00 0.00 0.00 0.00 0.00
1.00 1.00 1.00 1.00 135.69 12.01 2.28 3.65 1.00 9.23 1264.14 nan 1263.74 24.61 426.69 13.01 2.34 2.17 1.00 1.00 3.51 nan 1262.11 5.01 1.00 0.00 0.00 0.00 0.01 0.00 0.00 0.00 0.00 0.00 0.00 0.00 0.00 0.00 0.00 0.03 0.00 0.00 0.00 0.00 0.00 0.01 0.02 1.25 0.03 0.09 1.26 1.26 1.26 1.26 nan nan nan nan 1.26 0.02 0.07 1.26 0.05 0.00 0.00 0.00 1.25 1.25 1.25 1.25 1.25 0.01 0.00 0.00 0.00 0.00 0.00 0.01 0.00 0.00 0.00 0.00 0.00 0.00 0.00 0.00 0.00
1.00 1.52 1.00 1.22 1.00 1.00 1.08 2.05 1.00 11.63 1264.14 nan 12.65 2.71 1.00 1.00 1.00 1.00 1.00 1.00 1.00 1.00 1262.11 3.19 1.00 1.00 0.01 0.00 0.00 0.00 0.00 0.00 0.00 0.00 0.00 0.00 0.00 0.00 0.00 0.00 0.00 0.00 0.00 0.00 0.00 0.00 0.09 0.00 0.00 0.00 0.00 0.00 0.02 1.26 nan nan nan 1.26 0.00 0.00 0.50 1.26 0.01 0.02 0.00 1.26 1.25 0.02 1.25 1.25 1.25 0.13 0.00 0.00 0.00 0.00 1.25 0.03 0.00 0.00 0.00 0.00 0.00 0.07 0.00 0.00 0.00
21.21 1.00 1.00 1.00 1.00 1.00 1.00 1.00 1.68 2.50 1264.74 1264.74 1.00 1.00 1.00 1.00 1.00 1.00 1.00 1.00 1.00 1.00 1.00 40.09 1.00 1.00 0.00 0.00 0.00 0.00 0.00 0.00 0.00 0.00 0.00 0.00 0.00 0.00 0.00 0.00 0.00 0.00 0.00 0.00 0.01 0.00 0.00 0.00 0.00 0.00 0.00 0.00 0.00 0.00 nan nan 1.26 0.00 0.00 0.00 0.01 0.01 1.26 0.00 0.01 0.00 0.00 0.00 0.24 1.26 0.04 0.65 0.00 0.00 0.00 0.00 1.25 1.25 0.00 0.00 0.00 0.00 0.00 1.25 0.00 0.00 0.00
13.47 1.00 1.00 1.00 1.00 1.00 1.00 1.02 1.00 1.00 371.58 1.00 1.00 1.00 1.00 1.00 1.00 1.00 1.00 1.00 1.00 2.34 1.90 1.00 1.00 1.00 0.00 0.00 0.00 0.00 0.00 0.00 0.00 0.00 0.00 0.00 0.00 0.00 0.00 0.00 0.00 0.00 0.00 0.00 0.00 0.00 0.00 0.00 0.00 0.00 0.00 0.00 0.00 0.00 1.26 1.26 1.26 0.00 0.00 0.00 0.00 0.00 0.00 0.00 0.00 0.00 0.00 0.00 0.05 0.00 0.00 1.25 1.25 0.02 0.00 0.07 1.25 0.00 0.00 0.30 0.00 0.00 0.00 0.00 0.00 0.00 0.00
9.73 1.00 1.00 1.88 1.00 1.00 1.00 1.00 1.00 1.00 1.00 1.00 1.00 1.00 1.00 1.00 1.00 1.00 1.00 1.00 1.00 1.00 1065.68 2.92 1.00 1.00 0.00 0.00 0.00 0.00 0.00 0.00 0.00 0.00 0.00 0.00 0.00 0.00 0.00 0.00 0.00 0.00 0.00 0.00 0.00 0.00 0.00 0.00 0.00 0.00 0.00 0.00 0.00 0.00 0.05 1.26 0.09 0.00 0.00 0.00 0.00 0.00 0.00 0.01 0.00 0.00 0.00 0.00 0.00 0.00 0.02 1.25 1.25 1.25 0.00 1.25 nan 1.25 1.25 0.00 0.01 0.00 0.00 0.00 0.00 0.00 0.00
2.74 2.46 1.32 7.56 1.00 1.00 1.00 1.00 1.00 1.00 1.00 1.00 1.00 1.00 1.00 1.00 1.00 1.00 1.00 1.00 1.00 1.00 8.50 1262.72 11.15 1262.30 1262.30 0.01 0.00 0.00 0.00 0.00 0.00 0.00 0.00 0.00 0.00 0.00 0.00 0.00 0.00 0.00 0.00 0.00 0.00 0.00 0.00 0.00 0.00 0.00 0.00 0.00 0.00 0.00 0.02 1.26 0.00 0.00 0.00 0.00 0.00 0.00 0.00 0.00 0.03 0.00 0.00 0.00 0.00 0.01 1.26 0.18 1.25 1.25 0.00 1.25 nan nan nan 0.00 0.00 0.00 0.00 0.00 0.00 0.00 0.00
1.00 6.52 1.40 2.82 1.00 1.00 1.00 1.00 1.00 1.00 1.00 1.00 1.00 1.00 1.00 1.00 1.00 1.00 1.00 1.00 1.00 3.66 1263.34 1263.34 nan nan 1262.93 0.00 0.00 0.00 0.00 0.00 0.00 0.00 0.00 0.00 0.00 0.00 0.00 0.00 0.00 0.00 0.00 0.00 0.00 0.00 0.00 0.00 0.00 0.00 0.00 0.00 0.00 0.00 1.26 1.26 0.00 0.00 0.00 0.00 0.00 0.00 0.00 0.00 0.00 1.26 0.01 0.02 0.12 1.26 0.00 0.33 1.26 1.26 1.25 0.00 1.25 nan nan 1.25 0.00 0.00 0.00 0.00 0.00 0.00 0.00
36.95 9.86 1.76 1.00 1.00 1.00 1.00 1.00 1.00 1.00 1.00 1.00 1.00 1.00 1.00 1.00 1.00 1.00 1.00 1.00 1.00 1.47 1263.34 1263.34 nan nan 1262.93 0.00 0.00 0.00 0.00 0.00 0.00 0.00 0.00 0.00 0.00 0.00 0.00 0.00 0.00 0.00 0.00 0.00 0.00 0.00 0.00 0.00 0.00 0.00 0.00 0.00 0.00 0.00 1.26 0.02 0.00 0.00 0.00 0.00 0.00 0.00 0.00 0.00 0.00 0.01 1.26 1.26 1.26 1.26 1.26 1.26 1.26 1.26 0.09 0.00 0.00 1.25 1.25 0.01 0.00 0.00 0.00 0.00 0.00 0.00 0.00
