OUTPUT-RE/DISPLACEMENTS/Means/Mean_20th_Earthq_475m_Ru=0.27_20m_res.asc
ncols         654
nrows         1178
xllcorner     514480
yllcorner     4496780
cellsize      20
nodata_value  -9999.0
[rows 0 to 38 of 1178, columns 348 to 434 of 654]
1.25 1.25 1.25 nan 1.25 0.00 0.00 0.00 0.00 0.00 0.00 0.00 0.00 0.00 0.00 0.00 0.00 0.00 0.00 0.00 0.00 0.00 0.00 1.25 nan 0.00 nan nan nan 0.17 0.00 0.00 nan nan nan nan 1.25 1.25 nan nan nan 1.24 1.24 nan 1.24 0.84 1.24 1.24 0.00 0.01 1.24 nan nan 1.24 nan nan 1.24 1.24 nan 1.24 1.24 1.24 1.24 1.02 0.17 1.24 1.24 0.16 0.00 0.00 0.02 0.01 0.00 nan nan 1.24 0.01 0.00 0.00 0.00 1.24 1.24 1.24 1.24 0.02 0.01 0.01
0.22 1.25 1.25 1.21 1.25 0.00 0.00 0.00 0.01 0.00 0.00 0.00 0.00 0.00 0.00 0.00 0.00 0.00 0.00 0.00 0.00 0.00 1.25 nan nan 1.25 nan nan 1.25 0.00 0.00 0.00 1.25 nan nan nan 1.25 1.25 1.24 nan nan 1.24 nan nan 1.24 1.24 1.24 1.24 0.00 0.00 1.24 nan nan 1.24 1.24 1.24 1.24 nan 1.24 1.24 0.00 0.01 1.24 0.06 1.24 1.24 0.50 1.24 0.38 0.00 0.00 0.01 0.00 1.24 1.24 nan nan 1.24 0.57 0.02 1.24 1.24 1.24 1.24 0.01 0.00 0.01
1.25 1.25 1.25 1.25 1.25 0.00 0.00 0.00 0.00 0.00 0.00 0.00 0.00 0.00 0.00 0.00 0.00 0.00 0.00 0.00 0.00 0.00 1.25 1.25 1.25 1.25 1.25 0.00 0.00 0.00 0.00 0.00 0.00 nan nan nan 1.25 1.25 1.24 nan nan 1.24 1.24 1.24 1.24 1.24 1.24 1.13 1.24 0.00 1.06 1.24 1.24 1.24 1.24 1.24 1.24 1.24 1.24 0.00 0.00 1.24 0.24 1.24 0.98 0.00 0.79 1.24 1.24 0.03 0.00 0.01 0.68 1.24 1.24 nan nan nan nan 1.24 1.24 nan 1.24 1.24 1.24 0.14 0.00
1.25 1.25 1.25 1.25 0.16 1.25 0.00 0.00 0.00 0.00 0.00 0.00 0.00 0.00 0.00 0.00 0.00 0.00 0.00 0.00 0.00 0.01 nan 1.25 1.25 1.25 0.00 0.00 0.00 0.00 0.00 0.00 0.08 nan nan nan 0.01 0.00 1.24 1.24 1.24 1.24 0.00 0.00 0.00 1.24 1.24 0.00 0.06 1.24 0.01 1.24 1.24 0.00 1.24 1.24 1.24 1.24 1.24 0.00 0.00 1.24 1.24 0.01 0.00 0.00 1.24 nan 0.85 1.24 0.00 0.00 1.24 0.01 1.24 nan nan nan nan nan 1.24 1.24 1.24 1.24 0.01 0.00 0.00
1.25 1.25 1.25 1.25 1.25 1.25 0.01 0.00 0.00 0.00 0.00 0.00 0.00 0.00 0.00 0.00 0.00 0.00 0.00 0.00 0.00 0.01 1.25 1.25 0.02 0.00 0.00 0.00 0.00 0.00 0.00 0.03 1.25 nan nan nan nan 0.00 1.24 1.24 1.24 1.24 0.00 0.00 0.00 1.24 0.14 0.00 0.00 0.00 0.00 1.24 0.00 0.00 0.00 1.24 1.24 0.02 0.01 1.24 1.24 0.00 0.04 1.24 1.24 1.24 nan 1.24 1.24 1.24 0.01 0.00 0.03 0.01 0.01 0.50 1.24 nan nan 1.24 0.22 0.00 0.00 0.02 0.04 0.00 0.00
nan nan 1.25 1.25 1.25 1.25 0.00 0.00 0.00 0.00 0.00 0.00 0.00 0.00 0.00 0.51 0.03 0.00 0.00 0.00 0.00 0.01 nan 1.25 0.09 0.00 0.00 0.01 1.25 0.00 0.00 0.00 1.25 nan nan nan nan 1.25 1.25 1.25 0.52 0.00 0.11 0.00 0.00 0.00 0.24 0.00 0.00 0.00 0.10 1.24 1.24 0.00 0.33 1.24 1.24 0.03 0.00 0.00 0.00 1.24 1.24 1.24 1.24 1.24 nan nan 1.24 1.24 0.13 0.00 0.00 0.00 0.00 0.00 0.00 0.00 1.05 0.81 0.01 0.00 0.00 0.00 1.24 1.24 1.24
nan nan 1.25 0.00 0.00 0.00 0.00 0.00 0.00 0.00 0.00 0.00 0.00 0.00 0.00 0.00 0.29 1.25 0.02 0.00 0.01 1.25 1.25 1.25 1.25 1.25 1.25 1.25 1.25 1.25 0.02 1.25 1.25 nan 1.25 1.25 0.08 0.04 1.16 1.25 0.30 0.00 0.02 1.24 0.00 0.00 0.00 0.00 0.00 0.00 1.24 1.24 1.24 1.24 nan nan nan 1.24 1.24 0.02 0.01 1.24 1.24 1.24 1.24 1.24 nan nan nan 1.24 0.00 0.00 0.00 0.00 0.00 0.00 0.00 0.00 0.00 0.00 0.00 0.00 0.00 0.00 0.05 1.24 1.24
1.25 1.25 1.25 0.20 0.00 0.00 0.00 0.00 0.00 0.00 0.00 0.00 0.00 0.00 0.00 0.00 1.10 1.19 0.01 0.05 0.01 1.25 1.25 1.25 1.25 1.25 1.25 1.25 1.25 1.25 1.25 nan nan nan 1.25 0.01 0.00 0.01 1.02 1.25 1.24 1.24 1.08 1.11 0.00 0.00 0.00 0.00 0.00 0.00 0.02 1.24 0.02 1.24 1.24 nan nan 1.24 1.24 1.24 1.24 1.24 1.24 1.24 1.24 nan nan nan nan 0.00 0.00 0.00 0.00 0.00 0.00 0.00 0.00 0.00 0.00 0.00 0.00 0.00 0.00 0.00 1.24 1.24 1.24
nan nan 1.25 0.00 0.00 0.00 0.00 0.00 0.00 0.00 0.00 0.00 0.00 0.00 0.00 0.02 0.31 1.25 1.10 0.00 0.00 1.25 1.25 0.78 0.01 1.25 nan 1.25 1.25 0.03 0.00 1.25 nan nan 1.25 0.03 0.00 0.01 0.01 1.21 1.24 1.24 nan 1.24 0.00 0.00 0.00 0.00 0.00 0.04 1.24 1.24 0.00 0.01 1.24 1.24 1.24 1.24 1.24 nan 1.24 nan 1.24 1.24 1.24 nan nan nan nan 0.00 0.00 0.00 0.00 0.00 0.00 0.00 0.00 0.00 0.01 1.24 0.00 1.24 1.24 0.16 1.24 1.24 1.24
nan nan nan 0.00 0.00 0.00 0.00 0.00 0.00 0.00 0.00 0.00 0.00 0.00 0.00 0.00 0.01 0.16 0.34 0.27 0.01 0.72 1.25 0.06 0.81 1.25 1.25 nan 1.25 0.01 0.00 1.02 nan nan nan 0.01 0.00 1.25 0.87 0.00 0.00 nan nan 1.24 0.00 0.00 0.00 0.00 1.24 nan 1.24 0.03 0.09 0.00 0.04 1.24 1.24 1.24 1.24 nan 1.24 nan 1.24 0.02 0.02 1.24 nan nan 1.24 0.01 0.00 0.00 0.00 0.00 0.00 0.00 0.00 0.00 0.01 1.24 1.24 nan 1.24 1.24 1.24 1.24 1.24
nan nan nan 1.25 0.72 1.23 0.00 0.00 0.00 0.00 0.00 0.00 0.00 0.00 0.00 0.00 0.00 0.00 0.00 0.21 0.04 0.00 0.00 1.25 1.25 1.25 1.25 1.25 1.25 1.25 0.03 1.25 nan nan nan nan 1.25 nan 1.25 0.00 nan nan 1.24 0.00 0.00 0.00 0.01 1.24 nan 1.24 1.24 1.24 1.24 0.01 0.00 1.24 1.24 1.24 1.24 nan nan 1.24 1.24 0.02 1.24 nan nan 1.24 1.24 0.04 0.00 0.00 0.00 0.00 0.00 0.00 0.00 0.00 0.61 1.24 nan 1.24 0.11 0.09 1.24 1.24 0.05
1.25 1.25 1.25 1.25 nan 1.25 1.25 0.00 0.00 0.00 0.00 0.00 0.00 0.00 0.00 0.00 0.01 0.01 0.00 0.01 0.01 0.00 0.26 nan nan 1.25 1.25 1.25 nan nan 1.25 nan nan nan nan nan nan nan 1.25 nan nan nan 0.00 0.00 0.00 0.00 0.86 nan nan nan 1.24 1.24 nan 1.24 0.00 1.24 nan nan nan 1.24 1.24 1.11 1.24 nan 1.24 nan nan 1.24 0.33 1.24 0.01 0.00 0.00 0.00 0.00 0.00 0.00 0.00 1.24 1.24 nan 1.24 0.00 0.00 1.24 1.24 0.02
1.25 nan 1.25 1.25 nan 1.25 1.25 1.25 0.00 0.00 0.00 0.00 0.00 0.00 0.00 0.00 0.01 1.25 1.25 1.25 1.25 1.25 1.25 nan nan nan 1.25 1.25 nan nan nan nan nan 1.25 nan nan nan 0.09 nan nan nan nan 0.00 0.00 0.00 0.00 nan nan nan nan nan 1.24 nan 1.24 0.00 nan nan nan 1.24 1.24 1.24 nan 1.24 1.24 nan nan 1.24 1.24 nan 1.24 0.88 0.00 0.00 0.00 0.00 0.00 0.00 0.00 0.00 1.24 0.00 0.00 0.01 0.00 1.24 0.00 1.24
nan 1.25 1.25 nan nan 1.25 1.25 0.01 1.25 0.04 0.00 0.00 0.00 0.11 1.25 0.00 0.00 1.25 1.25 1.25 1.25 1.25 nan nan nan 1.25 1.25 nan nan nan 1.25 nan nan nan nan 1.25 1.25 nan nan nan nan nan 0.00 0.00 0.00 0.00 nan nan 0.00 0.00 1.24 1.24 nan 1.24 nan nan nan nan 1.24 nan nan nan nan 1.24 nan 1.24 1.24 nan nan 1.24 1.24 1.24 0.00 0.00 0.00 0.00 0.00 0.00 0.00 0.00 0.00 0.00 0.00 0.05 0.39 0.01 0.01
nan nan 0.00 1.25 0.04 1.25 1.25 0.00 1.25 nan nan nan 1.25 1.25 1.25 0.03 0.02 1.25 1.20 1.25 1.25 1.25 nan nan nan 1.25 nan nan nan 0.00 0.00 nan nan nan 0.01 0.00 1.25 nan 1.25 nan nan nan 0.00 0.00 0.00 0.00 nan nan 1.24 0.00 0.00 1.24 1.24 nan nan nan nan 1.24 nan nan nan nan nan 1.24 0.02 1.24 1.24 nan 1.24 nan 1.24 0.01 0.00 0.00 0.00 0.00 0.00 0.00 0.00 0.00 0.00 0.00 0.00 0.15 0.01 0.26 0.02
nan nan nan 1.25 1.25 1.25 1.25 1.25 0.29 nan nan nan nan 1.25 1.25 1.25 1.25 1.25 0.01 1.25 1.25 1.25 nan nan 1.25 1.25 nan nan 0.35 0.00 0.00 1.25 nan 1.25 1.25 0.00 1.25 nan nan nan nan 1.25 0.00 0.00 0.00 0.00 nan nan 1.24 1.24 0.13 1.24 1.24 1.24 nan nan nan nan nan nan nan nan nan nan 1.24 1.24 nan nan nan 1.24 0.00 0.00 0.00 0.00 0.00 0.00 0.00 0.00 0.00 0.00 0.00 0.00 0.00 0.01 0.00 0.01 1.24
nan nan nan nan nan 0.01 1.25 1.25 1.25 nan nan nan 1.25 1.25 1.25 0.94 0.76 1.25 0.00 1.25 1.25 1.25 nan nan 1.25 nan 1.25 nan 0.00 0.00 0.00 0.00 nan nan 1.25 1.25 1.25 nan nan nan nan 0.04 0.00 0.00 0.00 0.00 1.24 nan nan 1.24 1.24 1.24 1.24 1.24 nan nan nan nan nan nan 1.24 1.24 nan nan nan 1.24 nan nan 1.24 0.00 0.00 0.00 0.00 0.00 0.00 0.00 0.00 0.00 0.00 0.00 0.00 0.00 0.00 0.00 0.00 0.02 0.76
nan nan nan nan nan nan nan nan nan nan nan nan nan 1.25 0.00 0.00 0.00 0.00 0.02 1.25 1.25 1.25 nan nan 1.25 nan 1.25 1.25 0.00 0.00 0.00 0.00 nan nan 1.25 nan nan nan nan nan nan 0.00 0.00 0.00 0.00 0.96 1.24 nan nan 1.24 1.24 1.24 nan nan nan nan nan nan nan nan 1.24 1.24 1.24 nan nan nan nan 1.24 0.00 0.00 0.00 0.00 0.00 0.00 0.00 0.00 0.00 0.00 0.00 0.00 0.00 0.00 0.00 0.00 0.00 0.00 0.00
nan nan nan nan nan nan nan nan nan nan nan nan nan nan 0.00 0.00 0.00 0.00 1.25 1.25 1.25 nan nan nan 1.25 1.25 1.25 1.25 0.00 0.00 0.00 0.01 nan nan nan nan nan nan nan nan nan 1.25 0.08 0.00 0.00 0.01 1.24 nan nan nan 1.24 nan nan nan nan nan 1.24 1.24 1.24 1.24 nan 1.24 1.24 1.24 1.24 1.24 1.24 0.00 0.00 0.00 0.00 0.00 0.00 0.00 0.00 0.00 0.00 0.00 0.00 0.00 0.00 0.00 0.00 0.00 0.00 0.00 0.00
nan nan nan nan nan nan nan nan nan nan nan nan nan nan nan 1.25 0.56 0.84 1.25 0.20 0.19 1.25 nan nan nan 0.02 1.25 0.00 0.00 0.00 0.00 0.01 0.63 1.25 nan nan nan nan nan nan nan nan nan 1.24 0.04 0.00 0.00 1.24 nan nan nan nan nan nan nan nan 0.00 1.24 1.24 1.24 nan nan 1.24 0.02 0.00 0.00 0.01 0.00 0.00 0.00 0.00 0.00 0.23 0.00 0.00 0.00 0.00 0.00 0.00 0.00 0.00 0.00 0.00 0.00 0.00 0.00 0.00
nan nan nan nan nan nan nan nan nan nan nan nan nan nan nan nan 1.25 0.08 1.25 1.25 0.41 1.25 nan nan nan nan 1.25 0.00 0.00 0.00 0.00 1.16 1.25 nan nan 1.25 1.25 1.25 1.25 nan nan nan nan 1.24 0.00 0.00 0.00 1.24 nan nan nan nan nan nan nan nan 1.24 1.24 1.24 nan nan 1.24 1.21 0.00 0.00 0.00 0.00 0.00 0.00 0.00 0.00 0.00 0.01 0.03 0.00 0.00 0.00 0.00 0.00 0.00 0.00 0.00 0.00 0.00 0.00 0.00 0.00
nan nan nan nan nan nan nan nan nan nan nan 1.25 nan nan nan nan nan 1.25 1.25 nan 1.25 1.25 nan nan nan nan nan 0.00 0.00 0.00 0.00 1.25 1.25 nan nan 1.25 0.01 1.25 1.25 1.25 1.25 1.25 nan 1.24 0.00 0.00 0.00 nan nan nan nan nan nan nan nan nan 1.24 1.24 1.24 1.24 0.86 0.00 0.00 0.00 0.01 0.00 0.00 0.00 0.00 0.00 0.00 0.00 0.08 0.05 0.00 0.00 0.00 0.00 0.00 0.00 0.00 0.00 0.00 0.00 0.00 0.00 0.09
nan nan nan nan 1.25 1.25 nan nan nan 1.25 1.25 1.25 1.25 nan 1.25 1.25 nan nan 1.25 nan nan nan nan nan nan nan 1.25 0.04 0.01 0.01 0.01 1.25 1.25 1.25 1.25 1.25 1.25 1.25 1.25 1.25 1.25 0.08 1.25 nan 0.00 0.00 1.24 nan nan nan nan nan nan nan nan nan nan 1.24 1.24 1.24 1.24 0.37 0.79 0.74 0.00 0.00 0.02 0.00 0.00 0.00 0.00 0.00 0.03 0.00 0.00 0.00 0.00 0.00 0.00 0.00 0.00 0.00 0.00 0.00 0.01 1.24 1.24
1.25 nan nan 1.25 1.25 1.25 1.25 1.25 1.25 0.00 1.25 1.25 1.25 1.25 1.25 nan nan nan nan nan nan nan nan nan 0.07 0.00 1.25 1.25 1.25 1.25 1.25 1.25 0.01 0.01 0.19 1.25 1.25 1.25 0.68 0.02 0.00 0.00 1.25 nan nan 0.49 1.24 nan nan nan nan nan nan nan nan nan nan 1.24 1.24 1.24 1.24 0.12 1.24 1.10 0.00 0.00 0.03 0.00 0.00 0.00 0.00 0.00 0.00 0.00 0.00 0.00 0.00 0.00 0.00 0.00 0.00 0.00 0.00 0.02 1.24 1.24 1.24
1.25 1.25 nan 1.25 1.25 1.25 1.25 1.25 0.00 0.00 1.25 1.25 1.25 1.25 nan nan nan nan nan nan nan nan 1.25 1.25 0.00 1.25 1.25 1.25 1.25 1.25 1.25 1.25 1.25 1.25 0.04 0.09 0.36 0.55 0.01 0.00 0.00 0.00 0.00 1.25 1.25 1.24 1.24 nan nan nan nan nan nan nan nan nan nan 1.24 1.24 1.24 1.24 1.18 1.24 1.24 0.03 0.00 1.11 0.00 0.00 0.00 0.00 0.00 0.00 0.00 0.00 0.00 0.00 0.00 0.00 0.00 0.00 0.00 1.24 1.24 1.24 1.24 1.24
1.25 0.03 1.25 1.25 1.25 0.07 0.16 0.00 0.01 1.25 1.23 nan nan 1.25 nan nan nan nan nan nan 1.25 nan 1.25 0.00 0.00 0.18 1.25 1.25 1.25 1.25 1.25 1.25 1.25 1.25 1.25 0.01 0.00 0.21 0.00 0.00 0.00 0.00 0.00 0.00 0.11 1.24 1.24 nan nan 1.24 nan nan nan nan nan nan nan nan nan nan 1.24 0.01 1.24 1.24 0.00 0.00 0.00 0.00 0.00 0.00 0.00 0.00 0.00 0.01 0.00 0.00 0.00 0.00 0.01 0.01 0.00 1.24 1.24 1.24 1.24 1.24 1.24
0.25 1.25 1.25 1.25 0.00 0.04 0.93 0.00 0.09 1.25 1.25 nan nan nan nan nan nan nan nan nan nan nan 1.25 0.00 1.25 1.25 1.25 1.25 1.25 1.25 1.25 1.25 1.25 1.25 1.25 0.02 0.00 0.00 0.00 0.00 0.00 0.00 0.00 0.00 0.01 1.24 nan nan nan 0.02 nan nan nan nan nan nan nan nan nan nan 1.24 0.01 0.01 0.00 0.00 0.00 0.00 0.00 0.00 0.00 0.00 0.01 0.01 0.01 0.56 1.24 0.01 1.13 1.24 1.24 1.24 1.24 1.24 1.24 1.24 0.08 0.01
1.25 1.25 1.25 0.01 0.04 1.25 0.01 0.02 0.00 1.25 1.25 1.25 nan nan nan nan nan nan nan nan nan nan 0.01 1.25 1.25 nan 1.25 1.25 1.25 1.25 1.25 1.25 1.25 1.25 1.25 0.03 0.00 0.00 0.00 0.00 0.00 0.00 0.00 0.00 0.00 0.25 1.24 nan 1.24 nan nan nan nan nan nan nan nan nan nan 1.24 0.00 0.00 0.00 0.00 0.00 0.00 0.00 0.00 0.00 0.00 0.00 0.05 0.00 0.00 1.24 nan nan 1.24 1.24 1.24 1.24 1.24 1.24 1.24 1.24 0.03 0.01
0.00 0.00 1.25 1.25 0.86 1.25 0.46 1.25 0.00 1.25 nan nan nan nan nan nan nan nan 1.25 1.25 1.25 1.25 1.25 nan 1.25 1.25 nan nan nan 1.25 0.02 0.01 0.02 1.16 1.25 0.02 0.00 0.00 0.00 0.00 0.00 0.00 0.00 0.00 0.00 0.01 1.24 1.24 1.24 nan nan nan nan nan nan 1.24 1.24 nan 1.24 0.00 0.00 0.00 0.00 0.00 0.00 0.00 0.00 0.01 0.00 0.00 0.00 0.00 0.02 1.24 nan nan nan 1.24 1.24 1.24 1.24 1.24 1.24 1.24 0.00 0.66 0.00
0.01 0.54 0.02 1.25 0.01 0.00 1.25 0.00 0.00 1.25 nan nan nan nan nan nan nan 0.00 0.00 0.00 0.00 0.01 nan nan 1.25 nan nan nan 1.25 1.25 0.01 0.01 0.01 0.01 1.25 0.01 0.00 0.00 0.00 0.00 0.00 0.00 0.00 0.00 0.00 0.00 1.24 1.24 nan nan nan nan nan nan nan nan nan nan 1.24 0.00 0.00 0.00 0.00 0.00 0.00 0.00 0.11 0.01 0.00 0.00 0.00 0.00 0.00 0.14 1.24 nan nan 1.24 1.24 1.24 1.24 0.46 1.24 0.00 0.00 0.00 0.00
1.25 1.25 1.25 0.11 0.05 0.00 1.25 0.00 1.25 1.25 1.25 1.25 nan nan nan 1.25 1.25 0.00 0.00 0.00 0.00 1.25 nan nan nan 1.25 1.25 1.25 1.25 1.25 0.01 0.01 0.01 0.00 0.00 0.01 0.00 0.00 0.00 0.00 0.00 0.00 0.00 0.00 0.00 0.00 1.24 1.24 1.24 1.24 nan nan nan nan 1.24 1.24 1.24 nan 0.14 0.00 0.00 0.00 0.00 0.00 0.00 0.00 0.01 0.00 0.00 0.00 0.00 0.00 0.00 0.02 0.00 0.03 1.24 1.24 1.24 1.24 1.24 0.00 1.24 0.17 0.01 0.00 0.00
1.25 0.04 0.59 0.07 0.00 0.01 0.43 1.25 1.25 0.59 0.12 1.25 1.25 nan nan 1.25 0.01 0.00 0.00 0.00 0.00 nan nan nan nan 1.25 1.25 1.25 1.25 1.25 0.00 0.00 0.00 0.00 0.00 0.00 0.00 0.00 0.00 0.00 0.00 0.00 0.00 0.00 0.00 0.00 1.24 1.24 1.24 1.24 1.24 nan nan nan nan 1.24 nan 1.24 0.04 0.00 0.00 0.00 0.00 0.00 0.00 0.00 0.01 0.00 0.00 0.00 0.00 0.00 0.00 0.00 0.00 0.00 0.00 1240.10 1240.10 nan 1239.70 0.01 1.24 1.24 0.01 0.00 0.00
1.25 1.25 0.00 0.80 0.12 0.00 0.03 1.25 1.25 1.25 0.03 1.25 1.25 nan nan 1.25 0.00 0.00 0.00 1.25 1.25 nan nan nan 1.25 1.25 1.25 1.25 1.25 0.10 0.00 0.00 0.00 0.00 0.00 0.00 0.00 0.00 0.00 0.02 0.00 0.00 0.00 0.00 0.00 0.00 1.25 1.25 1.24 1.24 1.24 nan nan nan nan nan nan nan 0.12 0.00 0.00 0.00 0.00 0.00 0.00 0.00 0.00 0.00 0.00 0.00 0.00 0.00 0.00 0.00 0.00 0.00 0.00 1.00 4.84 1239.90 nan nan nan 0.01 0.01 0.01 0.00
1.25 nan 1.25 1.25 1.25 1.25 1.25 1.25 1.25 1.25 0.01 0.01 0.10 1.25 1.25 1.25 nan 1.25 0.12 1.25 1.25 nan 1.25 nan 1.25 1.25 0.01 1.25 1.25 1.25 1.25 1.25 1.25 1.25 0.04 0.01 0.00 0.00 0.00 0.00 1.25 0.01 0.00 0.00 0.00 0.00 0.03 1.25 1.24 1.24 0.00 1.24 nan nan nan nan nan nan 1.24 1.24 0.00 0.00 0.00 0.00 0.00 0.00 0.00 0.00 0.00 0.00 0.00 0.00 0.00 0.00 0.00 0.00 21.99 5.39 1.41 133.04 nan nan nan 0.00 0.00 0.01 0.00
1.25 nan nan 1.25 0.23 1.25 1.25 1.25 0.58 0.03 0.00 0.00 0.00 0.00 0.00 0.00 1.25 nan nan 1.25 1.25 0.59 1.25 nan nan 1.25 1.25 1.25 1.25 1.25 1.25 1.25 0.37 0.01 0.02 0.01 0.00 0.00 0.00 0.00 0.00 0.00 0.00 0.01 0.01 0.00 0.05 1.25 1.24 0.01 1.24 nan nan nan 1.24 1.24 1.24 1.24 1.24 1.24 1.24 0.00 0.00 0.00 0.00 0.00 0.00 0.00 0.00 0.00 0.00 0.00 0.00 0.00 0.00 0.00 1240.30 554.85 57.12 20.14 nan nan 1239.50 11.60 0.02 0.02 0.00
0.14 1.25 nan nan nan nan nan 1.25 1.25 1.25 0.11 0.00 0.00 0.00 0.00 0.00 0.69 nan nan 1.25 1.25 1.25 1.25 0.02 1.25 1.25 1.25 1.25 1.25 1.25 0.05 0.12 0.01 0.00 0.00 0.00 0.00 0.00 0.00 0.00 0.00 0.00 0.00 0.02 1.25 1.25 1.25 1.25 1.24 nan nan nan nan nan 1.24 0.02 0.21 1.24 1.24 1.24 1.24 0.08 0.00 0.00 0.00 0.00 0.00 0.05 1.24 0.05 0.00 0.00 0.00 0.00 0.00 0.00 0.00 431.15 327.03 1239.90 nan 1239.50 1.69 1239.50 0.03 0.00 0.00
0.02 0.66 nan nan nan nan nan nan 1.25 1.25 1.25 0.00 0.00 0.00 0.00 0.00 1.25 nan nan 1.25 1.25 1.25 0.01 0.00 0.00 0.07 1.25 1.25 1.23 1.25 1.25 1.25 0.01 0.00 0.00 0.00 0.00 0.00 0.00 0.00 0.00 0.00 0.00 0.00 0.03 1.25 1.25 1.25 1.24 1.24 nan nan nan 1.24 0.18 1.24 0.89 0.56 0.76 1.24 1.24 1.24 1.24 0.01 0.00 0.00 1.24 1.24 1.24 0.11 0.00 0.01 0.00 0.00 0.00 0.00 0.00 255.48 1207.36 630.96 7.21 1.00 1.00 325.95 0.00 0.00 0.00
0.00 1.25 1.25 nan nan nan nan nan 1.25 0.00 0.00 0.00 0.00 0.00 0.00 0.00 1.25 nan 1.25 1.25 1.25 0.01 0.00 0.00 0.00 0.00 0.03 1.25 1.25 0.04 0.01 0.01 1.25 0.01 0.00 0.00 0.00 0.00 0.00 0.00 0.00 0.00 0.00 0.00 0.01 1.25 1.25 1.25 nan nan nan nan nan 1.24 0.03 1.24 1.24 0.79 0.02 1.24 nan 1.24 1.24 1.24 0.00 0.01 nan 1.24 1.24 1.24 0.35 0.11 0.00 0.00 0.00 0.00 0.00 1.00 5.17 10.76 1.08 1.00 1.00 16.10 0.00 0.00 0.00
0.00 1.25 0.01 0.04 1.25 1.25 nan nan 0.00 0.00 0.00 0.00 0.00 0.00 0.01 1.25 1.25 1.25 1.25 0.00 0.00 1.05 0.05 0.00 0.01 0.01 0.03 0.10 0.02 0.00 0.00 0.00 0.00 0.00 0.00 0.00 0.00 0.00 0.00 0.00 0.00 0.00 0.00 0.00 0.00 1.25 1.25 1.25 nan nan 1.24 1.24 nan 1.24 1.24 1.24 1.24 1.24 1.24 1.24 nan nan nan 1.24 1.24 1.24 nan nan 1.24 1.24 0.01 0.04 0.01 0.00 0.00 0.00 0.00 1.00 4.45 1.74 3.83 4.87 1.00 3.99 2.09 0.00 0.00
