OUTPUT-RE/DISPLACEMENTS/Means/Mean_20th_Earthq_475m_Ru=0.27_20m_res.asc
ncols         654
nrows         1178
xllcorner     514480
yllcorner     4496780
cellsize      20
nodata_value  -9999.0
[rows 702 to 740 of 1178, columns 435 to 521 of 654]
1.00 1.00 1.00 1.00 1.00 1.00 4.41 22.55 106.42 8.51 1.00 1.00 1.00 1.23 1.19 1.26 7.19 12.04 4.71 3.74 13.00 1330.41 123.51 6.71 4.19 2.40 1.00 1.00 1.00 1.00 1.00 1.00 1.00 1.00 1.00 1.00 1.00 0.00 0.00 0.00 0.00 0.00 0.00 0.00 0.00 0.00 0.00 0.00 0.00 0.00 0.00 0.00 0.00 0.00 0.00 0.00 0.00 0.00 0.01 0.00 0.00 0.00 0.00 0.00 0.00 0.00 0.02 1.32 nan nan nan nan nan nan nan nan nan nan nan nan nan nan nan nan nan nan nan
1.00 1.00 1.00 1.00 1.00 1.00 1.00 1.00 4.17 7.57 2.75 1.45 1.00 1.00 1.00 1.00 1.00 1.00 1.00 1.00 1.00 1.04 1.86 1.30 1.00 1.00 1.25 1.00 1.00 1.00 1.00 1.00 1.00 1.00 1.00 1.00 0.00 0.00 0.00 0.00 0.00 0.00 0.00 0.00 0.00 0.00 0.00 0.00 0.00 0.00 0.00 0.00 0.00 0.00 0.00 0.00 0.00 0.00 0.00 0.00 0.00 0.00 0.00 0.00 0.00 0.00 0.01 0.00 1.32 nan nan nan nan nan nan nan nan nan nan nan nan nan nan nan nan nan nan
1.00 1.00 1.00 1.00 1.00 1.00 1.00 1.00 1.00 1.00 1.02 1.74 2.81 2.52 1.00 1.00 1.00 1.00 1.00 1.00 1.00 1.00 1.00 1.00 1.00 1.00 9.87 1.00 1.00 1.00 1.00 1.00 1.00 1.00 0.00 0.00 0.00 0.00 0.00 0.00 0.00 0.00 0.00 0.00 0.00 0.00 0.00 0.00 0.00 0.00 0.00 0.00 0.00 0.00 0.00 0.00 0.00 0.00 0.00 0.00 0.00 0.00 0.00 0.00 0.00 0.03 0.61 0.17 0.03 1.32 nan nan nan nan nan nan nan nan nan nan nan nan nan nan nan nan nan
1.00 1.00 1.00 1.00 1.00 1.00 1.00 1.00 1.00 1.00 1.00 1.00 1.00 1.00 1.00 1.00 1.00 1.00 1.00 1.00 1.00 1.00 1.00 1.00 1.00 1.74 3.80 1.68 1.00 1.00 1.00 1.00 1.00 0.00 0.00 0.00 0.00 0.00 0.00 0.00 0.00 0.00 0.00 0.00 0.00 0.00 0.00 0.00 0.00 0.00 0.00 0.00 0.00 0.00 0.00 0.00 0.00 0.00 0.00 0.00 0.01 0.00 0.00 0.00 0.02 0.03 1.32 0.60 0.02 0.01 nan nan nan nan nan nan nan nan nan nan nan nan nan nan nan nan nan
1.00 1.00 1.00 1.00 1.00 1.00 1.00 1.00 1.00 1.30 1.58 1.00 1.00 1.00 1.00 1.00 1.00 1.00 1.00 1.00 1.00 1.00 1.00 1.00 1.00 1.00 1.00 1.00 1.00 1.00 1.00 1.00 0.00 0.00 0.00 0.00 0.00 0.00 0.00 0.00 0.00 0.00 0.00 0.00 0.00 0.00 0.00 0.00 0.00 0.00 0.00 0.00 0.00 0.00 0.00 0.00 0.00 0.00 0.00 0.00 0.00 1.32 0.00 0.00 0.00 0.43 0.20 0.03 0.01 0.01 0.01 nan nan nan nan nan nan nan nan nan nan nan nan nan nan nan nan
1.00 29.40 1.00 1.00 1.00 1.00 6.96 1.43 2.58 3.00 4.97 1.00 1.00 1.00 1.00 1.00 1.00 1.00 1.00 1.00 1.00 1.00 1.00 1.00 1.00 1.00 1.00 1.00 1.00 0.00 0.00 0.00 0.00 0.00 0.00 0.00 0.00 0.00 0.00 0.00 0.00 0.00 0.00 0.00 0.00 0.00 0.00 0.00 0.00 0.00 0.00 0.00 0.00 0.00 0.00 0.00 0.00 0.00 0.00 0.00 0.00 0.00 0.05 0.00 0.00 0.00 1322.41 1322.41 192.93 0.00 0.00 0.00 nan nan nan nan nan nan nan nan nan nan nan nan nan nan nan
3.67 4.31 1.45 1.00 1.00 1.00 1.00 1.41 1.00 1.80 1.00 1.00 1.00 1.00 1.00 1.00 1.00 1.00 1.00 1.00 1.00 1.00 1.00 1.00 1.00 1.00 0.00 0.00 0.00 0.00 0.00 0.00 0.00 0.00 0.00 0.00 0.00 0.00 0.00 0.00 0.00 0.00 0.00 0.00 0.00 0.00 0.00 0.00 0.00 0.00 0.00 0.00 0.00 0.00 0.00 0.00 0.00 1.00 1.00 1.00 1.00 1.00 1.00 1.00 1.00 1.00 39.96 15.34 33.34 13.24 32.03 1321.50 nan nan nan nan nan nan nan nan nan nan nan nan nan nan nan
13.37 21.80 1.32 1.00 1.00 1.00 1.00 1.00 1.00 1.00 1.00 1.00 1.00 1.00 1.00 1.00 1.00 1.00 1.00 1.00 1.00 0.00 0.00 0.00 0.00 0.00 0.00 0.00 0.00 0.00 0.00 0.00 0.00 0.00 0.00 0.00 0.00 0.00 0.00 0.00 0.00 0.00 0.00 0.00 0.00 0.00 0.00 0.00 0.00 0.00 0.00 0.00 0.00 0.00 1.00 1.00 1.00 1.00 1.00 1.00 1.00 1.00 1.00 1.00 1.00 1.00 11.57 29.96 487.27 96.46 7.40 8.05 1322.29 nan nan nan nan nan nan nan nan nan nan nan nan nan nan
16.16 18.97 1.17 1.00 1.00 1.00 1.00 1.00 1.00 1.00 1.00 1.00 1.00 1.00 1.00 1.00 1.00 1.00 0.00 0.00 0.00 0.00 0.00 0.00 0.00 0.00 0.00 0.00 0.78 0.07 0.00 0.00 0.00 0.00 0.00 0.00 0.00 0.00 0.00 0.00 0.00 0.00 0.00 0.00 0.00 0.00 0.00 0.00 0.00 0.00 0.00 5.15 1.00 1.00 1.00 1.00 1.00 1.00 1.00 1.00 1.00 1.00 1.00 1.00 1.00 1.00 1.69 141.52 8.84 15.86 10.12 7.73 1.61 9.47 nan nan nan nan nan nan nan nan nan nan nan nan nan
11.55 1.65 1.00 1.00 1.00 1.00 1.00 1.00 1.00 1.00 1.00 1.00 1.00 1.00 1.00 0.00 0.00 0.00 0.00 0.00 0.00 0.00 0.00 0.00 0.00 0.00 0.00 0.00 1.33 1.33 0.02 0.01 0.00 0.00 0.00 0.00 0.00 0.00 0.00 0.00 0.00 0.00 0.00 0.00 0.00 0.00 1.00 1.00 1.00 1.00 1.00 1.00 1.00 1.00 1.00 1.00 1.00 1.00 1.00 1.00 1.00 1.00 1.00 1.00 1.00 1.00 1.00 23.04 68.04 8.86 11.74 9.00 57.37 1321.84 nan nan nan nan nan nan nan nan nan nan nan nan nan
1.24 1.49 1.00 1.00 1.00 1.00 1.00 1.00 1.00 1.00 1.00 0.00 0.00 0.00 0.00 0.00 0.00 0.00 0.00 0.00 0.00 0.00 0.00 0.00 0.00 0.00 0.00 0.01 0.01 0.02 1.33 1.33 0.00 0.00 0.00 0.00 0.00 0.00 0.00 0.00 0.00 0.00 0.00 0.00 0.00 1.00 1.00 1.00 1.00 1.00 749.67 1.00 1.00 1.00 1.00 1.00 1.00 1.00 1.00 1.00 1.00 1.00 1.00 1.00 1.00 1.00 1.00 1.00 10.32 47.69 1322.75 1322.29 1322.29 1321.84 nan nan nan nan nan nan nan nan nan nan nan nan nan
1.00 1.00 1.00 0.00 0.00 0.00 0.00 0.00 0.00 0.00 0.00 0.00 0.00 0.00 0.00 0.00 0.00 0.00 0.00 0.00 0.00 0.00 0.00 0.00 0.00 0.00 0.00 0.01 0.01 0.01 0.01 0.11 0.00 0.00 0.00 0.00 0.00 0.00 0.00 0.00 0.00 0.00 0.00 0.00 6.98 1.00 1.00 1.45 1.00 1.00 2.59 1.00 1.00 1.00 1.00 1.00 1.00 1.00 1.00 1.00 1.00 1.00 1.00 1.00 1.00 1.00 1.00 1.00 1.00 1323.54 1323.54 1323.09 1323.09 1322.64 nan nan nan nan nan nan nan nan nan nan nan nan nan
1.00 1.00 0.00 0.00 0.00 0.00 0.00 0.00 0.00 0.00 0.00 0.00 0.00 0.00 0.00 0.00 0.00 0.00 0.00 0.00 0.00 0.00 0.00 0.00 0.00 0.00 0.00 0.00 0.00 0.00 0.00 0.00 0.00 0.00 0.00 0.00 0.00 0.00 0.00 0.00 0.00 0.00 0.00 1.00 1.00 1.00 1.00 1.00 1.00 1.00 1.00 1.00 1.00 1.00 3.59 1.00 1.00 1.00 1.00 1.00 1.00 1.00 1.00 1.00 1.00 1.00 1.00 1.00 2.34 16.10 1323.54 1323.09 1323.09 nan nan nan nan nan nan nan nan nan nan nan nan nan nan
1.00 0.00 0.00 0.00 0.00 0.00 0.00 0.00 0.00 0.00 0.00 0.00 0.00 0.00 0.00 0.00 0.00 0.00 0.00 0.00 0.00 0.00 0.00 0.00 0.00 0.00 0.00 0.00 0.00 0.00 0.00 0.00 0.00 0.00 0.00 0.00 0.00 0.00 0.00 0.00 0.00 0.00 0.00 190.40 1247.79 1327.81 90.30 3.48 1.00 1.00 1.00 1.00 1.00 1.00 1.00 1326.35 1.00 1.00 1.00 1.00 1.00 1.00 1.00 1.00 1.00 1.00 1.00 1.00 1.00 1.00 7.16 1323.09 1323.09 nan nan nan nan nan nan nan nan nan nan nan nan nan nan
0.00 0.00 0.00 0.00 0.00 0.00 0.00 0.00 0.00 0.00 0.00 0.00 0.00 0.00 0.00 0.00 0.00 0.00 0.00 0.00 0.00 0.00 0.00 0.00 0.00 0.00 0.00 0.00 0.00 0.00 0.00 0.00 0.00 0.00 0.00 0.00 0.00 0.00 0.01 0.00 0.00 0.00 1.00 1.00 1.00 3.35 203.73 76.94 1.54 1.00 1.00 1.00 1.28 1.00 1.00 1.13 1.28 1.00 1.00 1.00 1.00 1.00 1.00 1.00 1.00 1.00 1.00 1.00 1.00 1.00 1.00 1.00 11.88 238.92 1322.64 nan nan nan nan nan nan nan nan nan nan nan nan
0.00 0.00 0.00 0.00 0.00 0.00 0.00 0.00 0.00 0.00 0.00 0.00 0.00 0.00 0.00 0.00 0.00 0.00 0.00 0.00 0.00 0.00 0.00 0.00 0.00 0.00 0.00 0.00 0.00 0.00 0.00 0.00 0.00 0.00 0.00 0.00 0.00 0.00 0.00 0.00 0.00 1328.80 3.12 1.00 1.00 1.00 1.00 1.00 1.00 1.00 1.00 1.00 1.00 580.55 9.75 1.00 1.00 1.00 1.00 1.00 1.00 1.00 1.00 1.00 1.00 1.00 1.00 1.00 1.00 1.00 1.00 1.00 1.00 1.00 1.00 1322.64 nan nan nan nan nan nan nan nan nan nan nan
0.00 0.00 0.00 0.00 0.00 0.00 0.00 0.00 0.00 0.00 0.00 0.00 0.00 0.00 0.00 0.00 0.00 0.00 0.00 0.00 0.00 0.00 0.00 0.00 0.00 0.00 0.00 0.00 0.00 0.00 0.00 0.00 0.00 0.00 0.00 0.00 0.00 0.00 0.00 0.00 1329.61 1329.61 2.99 3.47 2.53 1.00 1.00 1.00 1.00 1.00 1.00 1.00 1.00 10.21 2.66 1.00 1.00 1.00 1.00 1.00 1.00 1.00 1.00 1.00 1.00 1.00 1.00 1.00 1.00 1.00 5.94 4.11 1.00 1.00 1.00 1323.44 nan nan nan nan nan nan nan nan nan nan nan
0.00 0.00 0.00 0.00 0.00 0.00 0.00 0.00 0.00 0.00 0.00 0.00 0.00 0.00 0.00 0.00 0.00 0.00 0.00 0.00 0.00 0.00 0.00 0.00 0.00 0.00 0.00 0.00 0.00 0.00 0.00 0.00 0.00 0.00 0.00 0.00 0.00 0.00 0.00 16.24 1329.61 1329.61 1.00 1.00 1329.12 1328.62 1304.48 18.62 1.61 1.71 3.33 1.00 1.00 1.00 1.00 1.00 1.00 1.00 1.00 1.00 1.00 1.00 1.00 1.00 1.00 1.00 1.00 1.00 1.00 1.71 4.02 1.00 1.00 2.08 1323.44 nan nan nan nan nan nan nan nan nan nan nan nan
0.00 0.00 0.00 0.00 0.00 0.00 0.00 0.00 0.00 0.00 0.00 0.00 0.00 0.00 0.00 0.00 0.00 0.00 0.00 0.00 0.00 0.00 0.00 0.00 0.00 0.00 0.00 0.00 0.00 0.00 0.00 0.00 0.00 0.00 0.00 0.00 0.00 0.00 1330.11 nan nan nan nan nan nan 1328.62 1328.62 1328.62 75.30 1.98 1.00 1.00 1.00 1.00 1.00 1.00 1.00 1.00 1.00 1.00 1.00 1.00 1.00 1.00 1.00 1.00 1.00 1.00 1.00 1.00 1.00 1.00 1.00 20.39 1323.44 1323.44 1322.99 1322.99 1322.55 nan nan nan nan nan nan nan nan
0.00 0.00 0.00 0.00 0.00 0.00 0.00 0.00 0.00 0.00 0.00 0.00 0.00 0.00 0.00 0.00 0.00 0.00 0.00 0.00 0.00 0.00 0.00 0.00 0.00 0.00 0.00 0.00 0.00 0.00 0.00 0.00 0.00 0.00 0.00 0.00 1.00 1.00 nan nan nan nan nan nan nan nan 1328.62 1328.62 1328.13 10.89 1.00 1.00 1.00 1.00 1.00 1.00 1.00 1.00 1.00 1.00 1.00 1.00 1.00 1.00 1.00 1.00 1.00 1.00 1.00 1.00 1.00 1.00 1.00 3.78 1120.28 1323.44 54.30 3.35 1.00 2.60 nan nan nan nan nan nan nan
0.00 0.00 0.00 0.00 0.00 0.00 0.00 0.00 0.00 0.00 0.00 0.00 0.00 0.00 0.00 0.00 0.00 0.00 0.00 0.00 0.00 0.00 0.00 0.00 0.00 0.00 0.00 0.00 1.00 1.00 1.00 1.00 1.00 1.00 1.00 1.00 1.00 1331.45 nan nan nan 1330.44 1330.44 nan nan nan 1329.44 nan 1328.95 366.13 30.12 1.00 1.00 1.00 1.00 1.00 1.00 1.00 1.00 1.00 1.00 1.00 1.00 1.00 1.00 1.00 1.00 1.64 2.26 1.00 1.00 1.00 1.00 41.28 703.52 74.33 22.86 1323.80 12.01 1.53 nan nan nan nan nan nan nan
0.00 0.00 0.00 0.00 0.00 0.00 0.00 0.00 0.00 0.00 0.00 0.00 0.00 0.00 0.00 0.00 0.00 0.00 0.00 0.00 0.00 0.00 0.00 0.00 0.00 0.00 17.20 1.00 1.00 1.00 1.00 1.00 1.00 1.00 1.00 1.00 1.00 nan nan nan 1330.44 1330.44 1330.44 1329.94 nan nan nan 1329.44 3.69 1.57 1.00 1.00 1.00 1.00 1.00 1.00 1.00 1.00 1.00 1.00 1.00 1.00 1.00 1.00 1.00 1.58 3.48 3.68 3.29 1.09 1.00 1.00 39.11 3.90 1.00 1268.69 923.14 1323.80 1323.36 nan nan nan nan nan nan nan nan
0.00 0.00 0.00 0.00 0.00 0.00 0.00 0.00 0.00 0.00 0.00 0.00 0.00 0.00 0.00 0.00 0.00 0.00 0.00 0.00 0.00 0.00 0.00 0.00 0.00 9.44 6.00 1.00 1.00 1.00 1.00 1.00 1.00 1.00 1.00 1.00 1331.45 nan nan 1330.94 1.35 1330.44 1330.44 nan nan 560.76 29.19 1.00 1.00 1.00 1.00 1.00 1.00 1.00 1.00 1.00 1.00 1.00 1.00 1.00 1.00 1.00 1.00 1.00 1.00 17.24 10.83 4.59 1.00 1.00 1.00 1.00 10.11 13.26 1.93 41.52 15.28 162.10 1323.36 nan nan nan nan nan nan nan nan
0.00 0.00 0.00 0.00 0.00 0.00 0.00 0.00 0.00 0.00 0.00 0.00 0.00 0.00 0.00 0.00 0.00 0.00 0.00 0.00 0.00 0.00 0.00 1.00 1.88 3.54 1.60 1.60 1.00 1.00 1.00 1.00 1.00 1.00 1.00 1.77 nan nan nan nan 1330.44 nan nan nan nan 49.47 1.00 1.00 1.00 1.00 1.00 1.00 1.00 1.00 1.00 1.00 1.00 1.00 1.00 1.00 1.00 1.00 1.00 1.00 3.87 1.00 1.40 1.63 2.28 2.77 1.00 1.15 39.68 5.09 13.97 77.60 13.46 24.05 27.69 nan nan nan nan nan nan nan nan
0.00 0.00 0.00 0.00 0.00 0.00 0.00 0.00 0.00 0.00 0.00 0.00 0.00 0.00 0.00 0.00 0.00 0.00 0.00 0.00 0.00 1.00 1.00 3.67 9.56 1.00 1.00 1.00 1.00 1.00 1.00 1.00 1.00 1.00 5.03 nan nan 1331.45 nan 1330.94 nan nan nan nan 26.11 1.00 1.00 1.00 1.00 1.00 1.00 1.00 1.00 1.00 1.00 1.00 1.00 1.00 1.00 1.00 1.00 1.00 3.27 1.00 1.00 2.84 1.00 3.77 20.18 13.35 241.55 857.32 2.82 1.00 553.04 37.62 8.26 54.39 1323.36 nan nan nan nan nan nan nan nan
0.00 0.00 0.00 0.00 0.00 0.00 0.00 0.00 0.00 0.00 0.00 0.00 0.00 0.00 0.00 0.00 0.00 0.00 0.00 1.00 1.00 1.00 1.00 12.31 10.60 1.00 1.00 1.00 1.00 1.00 1.00 1.00 1.00 5.65 1332.80 1332.28 1332.28 1332.28 1331.77 1331.77 nan nan nan nan 1330.77 1.00 1.00 1.00 1.00 1.00 1.00 1.00 1.00 1.00 1.00 1.00 1.00 1.00 1.00 1.00 1.00 1.00 1.00 1.00 1.00 4.93 1.00 60.76 454.94 397.35 1325.98 1325.52 26.31 5.63 7.23 33.32 69.68 1324.62 nan nan nan nan nan nan nan nan nan
0.00 0.00 0.00 0.00 0.00 0.00 0.00 0.00 0.00 0.00 0.00 0.00 0.00 0.00 0.00 0.00 0.00 1.00 1.00 1.00 1.00 1.00 1.00 1.00 1.00 1.00 1.00 1.00 1.00 1.00 1.00 1.00 1.17 1332.80 1332.80 1332.28 1189.58 1332.28 nan nan 1331.27 1331.27 nan nan nan 15.10 807.14 1.00 1.00 1.00 1.00 1.00 1.00 1.00 1.00 1.00 1.00 1.00 1.00 1.00 1.00 1.00 1.00 1.00 1.00 23.75 600.91 1326.44 1325.98 1325.98 1325.98 1325.52 1325.52 13.02 1.38 5.76 189.55 1324.62 nan nan nan nan nan nan nan nan nan
0.00 0.00 0.00 0.00 0.00 0.00 0.00 0.00 0.00 0.00 0.00 0.00 0.00 0.00 0.00 1.00 1.00 1.00 1.00 1.00 1.00 1.00 1.00 1.00 1.00 3.02 5.22 3.17 2.28 10.34 9.56 21.78 1333.31 20.93 15.08 87.72 7.21 6.49 22.86 nan nan nan nan 1330.77 1330.77 1330.27 62.28 1.00 1.00 1.00 1.00 1.00 1.00 1.00 1.00 1.00 1.00 1.00 1.00 1.00 1.00 1.00 1.00 1.00 1.00 10.87 1326.44 1326.44 1325.98 1325.98 1325.98 1325.52 nan nan nan 1325.07 1.00 1324.62 nan nan nan nan nan nan nan nan nan
0.00 0.00 0.00 0.00 0.00 0.00 0.00 0.00 0.00 0.00 0.00 0.00 0.00 0.00 1.00 1.00 1.00 1.00 1.00 1.00 1.00 1.00 1.00 1.00 1.00 1.00 1334.36 1333.83 1333.83 1333.83 1333.31 1333.31 1333.31 9.27 1.00 1.00 1.00 1.54 10.52 1331.77 nan nan nan nan nan 1330.27 1330.27 1130.41 1.00 1.00 7.00 34.29 16.16 1.00 1.00 1.00 1.00 1.00 1.00 1.00 1.00 1.00 1.00 1.00 1.00 1.00 1326.44 nan nan 1325.98 770.22 8.07 1325.52 nan nan nan nan nan nan nan nan nan nan nan 1.32 nan nan
0.00 0.00 0.00 0.00 0.00 0.00 0.00 0.00 0.00 0.00 0.00 0.00 1.00 1.00 1.00 1.00 1.00 1.00 1.00 1.00 1.00 1.00 1.00 1.00 1.00 1.00 1.27 26.13 54.93 55.80 236.55 1218.14 1333.31 1332.80 200.79 909.40 4.93 1.00 2.57 4.26 1331.27 nan nan nan nan nan 1330.27 9.05 1.00 1.00 1.00 1.00 2.80 3.21 1.00 1.00 1.00 1.00 1.00 1.00 1.00 1.00 1.00 1.00 1.00 1.00 5.05 947.15 620.88 1325.98 118.52 7.26 1325.52 nan nan nan nan nan nan nan nan nan nan nan nan nan nan
0.00 0.00 0.00 0.00 0.00 0.00 0.00 0.00 0.00 0.00 1.00 1.00 1.00 1.00 1.00 1.00 1.00 1.00 1.00 1.00 1.00 1.00 1.00 1.00 1.00 1.00 1.22 9.77 9.76 9.64 9.91 9.76 9.53 1.00 1.00 1.00 6.74 1.87 1.00 1.00 1.58 1332.11 nan nan nan nan 1331.10 1.00 1.00 1.00 1.00 1.00 1.00 1.00 1.00 1.00 1.00 1.00 1.00 1.00 1.00 1.00 1.00 1.00 1.00 1.00 1.00 25.57 24.40 25.92 27.00 30.67 1326.35 nan nan nan nan 1325.44 nan nan nan nan nan nan nan nan nan
0.00 0.00 0.00 0.00 0.00 0.00 0.00 0.00 1.00 1.00 1.00 1.00 1.00 1.00 1.00 1.00 1.00 1.00 1.00 1.00 1.00 1.00 1.00 1.00 1.00 1.00 5.06 6.84 7.50 11.87 11.74 11.60 9.64 1.00 1.00 1.00 1.45 5.08 2.67 5.53 1332.11 nan nan nan nan nan 1331.10 1.00 1.00 1.00 1.00 1.00 1.00 1.00 1.00 1.00 1.00 1.00 1.00 1.00 1.00 1.00 1.00 1.00 1.00 1.00 1.00 4.39 8.90 14.32 39.35 37.43 1326.35 nan nan 1325.89 1325.44 1325.44 nan nan nan nan nan nan nan nan nan
0.00 0.00 0.00 0.00 0.00 0.00 0.00 1.00 1.00 1.00 1.00 1.00 1.00 1.00 1.00 1.00 1.00 1.00 1.00 1.00 1.00 1.00 1.00 1.00 1.00 1.00 1.00 1.13 5.22 52.47 11.11 953.98 71.62 1.00 1.00 1.22 1.47 1.32 40.38 1332.61 nan nan nan nan nan nan 1331.10 1.00 1.00 1.00 1.00 1.00 1.00 1.00 1.00 1.00 1.00 1.00 1.00 1.00 1.00 1.00 3.40 1.00 1.00 1.00 5.08 6.55 2.62 2.41 12.27 54.00 1326.35 nan 1325.89 1325.89 1325.44 1325.44 nan nan nan nan nan nan nan nan nan
0.00 0.00 0.00 0.00 0.00 0.00 1.00 1.00 1.00 1.00 1.00 1.00 1.00 1.00 1.00 1.00 1.00 1.00 1.00 1.00 1.00 1.00 1.00 1.00 1.00 1.00 1.00 1.27 6.24 58.41 1334.16 1334.16 1334.16 207.69 1.00 7.29 33.48 18.77 1332.61 nan nan nan nan nan nan nan nan 1.74 1.00 1.00 1.00 1.00 1.00 1.00 1.00 1.00 1.00 1.00 1.00 1.00 1.00 1.00 1.00 1.00 1.00 4.96 39.48 20.24 2.58 1.52 6.43 9.80 1326.35 1325.89 1325.89 1325.89 1325.44 1325.44 nan nan nan nan nan nan nan nan nan
0.00 0.00 0.00 0.00 0.00 1.00 1.00 1.00 1.00 1.00 1.00 1.00 1.00 1.00 1.00 1.00 1.00 1.00 1.00 1.00 1.00 1.00 1.00 1.00 1.00 1.00 1.00 6.05 4.38 202.18 1335.02 1335.02 1335.02 1.67 1.00 5.77 44.90 8.54 1333.46 nan nan nan nan nan nan nan nan nan 10.30 1.00 1.00 1.00 1.00 1.00 1.00 1.00 1.00 1.00 1.00 1.00 1.00 1.00 1.00 1.00 1.00 89.87 421.86 79.89 19.65 6.98 1.93 5.05 nan nan nan nan 1326.27 nan nan nan nan nan nan nan nan nan nan
0.00 0.00 0.00 0.00 0.00 1.00 1.00 1.00 1.00 1.00 1.00 1.00 1.00 1.00 1.00 1.00 1.00 1.00 1.00 1.00 1.00 1.00 1.00 1.00 1.00 1.00 1.00 1.00 3.85 1335.54 1335.02 1335.02 1335.02 1.00 1.00 1.00 1.00 1.00 1.00 nan nan 1332.95 454.59 1.35 nan nan nan nan 1331.45 1.00 1.00 1.00 1.00 1.00 1.00 1.00 1.00 1.00 1.00 1.00 1.00 1.00 1.00 1.00 1.06 1328.56 1328.09 1328.09 41.37 3.05 16.10 nan nan nan nan nan nan nan nan nan nan nan nan nan nan nan nan
0.00 0.00 0.00 0.00 1.00 1.00 1.00 1.00 1.00 1.00 1.00 1.00 1.00 1.00 1.00 1.00 1.00 1.00 1.00 1.00 1.00 1.00 1.00 1.00 1.00 1.00 1.00 1.00 1.00 1.00 1335.02 1335.02 1335.02 1.00 1.00 1.00 1.00 1.00 1333.46 1333.46 1332.95 1332.95 22.81 33.14 nan nan nan 1331.95 1331.45 1.00 1.00 1.00 1.00 1.00 1.00 1.00 1.64 1.00 1.00 1.00 1.00 1.00 1.00 1.00 1328.56 nan nan 1328.09 1259.19 75.51 nan nan nan nan nan nan 1326.27 nan nan 1.33 1.33 nan nan nan nan nan nan
0.00 0.00 0.00 1.00 1.00 1.00 1.00 1.00 1.00 1.00 1.00 1.00 1.00 1.00 1.00 1.00 1.00 1.00 1.00 1.00 1.00 1.00 1.00 1.00 1.00 1.00 1.00 1.00 1.00 1.00 573.11 1335.02 1335.02 7.79 1334.49 14.18 6.06 1333.98 1333.46 1333.46 nan 1332.95 nan 1.00 4.79 1331.95 nan nan 15.75 1.64 1.00 1.00 1.00 1.00 1.00 1.00 1.00 1.00 1.00 1.00 1.00 1.00 1.00 20.98 nan nan nan nan nan nan nan nan nan nan nan nan 105.14 nan 1.33 0.28 0.00 0.00 nan nan nan nan nan
0.00 0.00 0.00 1.00 1.00 1.00 1.00 1.00 1.00 1.00 1.00 1.00 1.00 1.00 1.00 1.00 1.00 1.00 1.00 1.00 1.00 1.00 1.00 1.00 1.00 1.00 1.00 1.00 1.00 1.00 1335.02 1335.02 1335.02 1334.49 1334.49 33.40 38.17 13.52 56.83 1333.46 1332.95 nan 10.90 1.00 30.63 6.39 1331.95 1331.95 1.00 1.00 1.00 1.00 1.00 1.00 1.00 1.20 1.00 1.00 1.00 1.00 1329.51 nan 3.61 nan nan nan nan nan nan nan nan nan nan nan nan 5.87 0.04 1.33 1.33 0.12 0.25 1.33 nan nan nan nan nan
