OUTPUT-RE/DISPLACEMENTS/Means/Mean_20th_Earthq_475m_Ru=0.27_20m_res.asc
ncols         654
nrows         1178
xllcorner     514480
yllcorner     4496780
cellsize      20
nodata_value  -9999.0
[rows 468 to 506 of 1178, columns 261 to 347 of 654]
0.00 0.00 0.00 0.00 0.00 0.00 0.00 0.00 0.00 0.00 0.00 0.00 0.00 0.00 0.00 0.00 0.00 nan nan 0.00 0.00 0.00 0.00 0.00 0.00 0.00 0.00 0.00 0.00 0.00 0.00 0.00 0.00 0.00 0.00 0.05 0.05 0.03 0.04 0.01 0.85 0.01 0.08 0.00 0.00 0.00 0.00 0.00 0.00 0.00 0.00 0.00 1.28 2.96 155.08 1.00 9.44 1.00 nan nan nan nan nan nan nan nan nan nan nan nan nan 2.16 0.00 0.00 0.00 1.31 1.31 0.00 0.00 0.00 0.00 0.00 0.00 0.00 0.00 0.00 0.00
0.00 0.00 0.00 0.00 0.00 0.00 0.00 0.00 0.00 0.00 0.00 0.00 0.00 0.00 0.00 0.00 0.00 nan nan 1.32 0.00 0.00 0.00 0.00 0.00 0.00 0.00 0.00 0.00 0.00 0.00 0.00 0.00 0.00 0.00 0.01 0.03 1.32 0.02 1.32 0.01 0.00 0.09 0.00 0.00 0.00 0.00 0.00 0.00 0.00 1.01 3.23 6.34 154.48 1316.42 1316.42 38.10 1316.05 764.98 1315.68 nan 1315.30 1315.30 nan nan nan nan nan nan nan nan nan 0.00 0.00 0.05 nan 1.31 0.00 0.00 0.00 0.00 0.00 0.00 0.00 0.00 0.00 0.00
0.00 0.00 0.00 0.00 0.00 0.01 0.00 0.00 0.00 0.00 0.00 0.00 0.00 0.00 0.00 0.00 0.00 nan nan nan 0.00 0.00 0.00 0.00 0.00 0.00 0.00 0.00 0.00 0.00 0.00 0.00 0.00 0.00 0.00 0.00 0.07 0.03 1.32 1.32 1.32 1.32 1.32 0.02 0.00 1.22 0.01 0.00 125.79 1.00 1.00 3.52 56.66 1316.42 nan 1316.42 1316.05 nan nan nan nan nan nan nan nan nan nan nan nan nan nan nan 1313.81 1.31 1.31 0.06 1.31 1.31 0.00 0.00 0.00 0.00 0.00 0.00 0.00 0.00 0.00
0.00 0.00 0.00 0.00 0.01 1.32 1.32 0.00 0.00 0.00 0.00 0.00 0.00 0.00 0.00 0.00 0.00 nan nan nan 0.01 0.00 0.00 0.00 0.00 0.00 0.00 0.00 0.00 0.00 0.00 0.00 0.00 0.00 0.00 0.00 0.12 1.32 1.32 1.32 1.32 1.32 1.32 1.32 0.06 1.32 nan 1317.55 1317.17 122.55 5.37 25.33 1316.80 1316.42 1316.42 1316.42 1316.05 1316.05 1315.68 1315.68 nan nan nan nan nan nan nan nan nan nan nan nan nan nan 1.31 0.01 0.02 1.31 0.00 0.00 0.00 0.00 0.00 0.00 0.00 0.00 0.00
0.00 0.00 0.00 0.01 0.33 0.07 0.04 0.00 0.00 0.00 0.00 0.00 0.00 0.00 0.00 0.00 1.32 1.32 nan nan 0.02 0.00 0.00 0.00 0.00 0.00 0.00 0.00 0.00 0.00 0.00 0.00 0.00 0.00 0.00 0.00 0.00 0.06 1.29 1.32 1.32 0.03 0.36 0.03 4.24 1317.92 1317.55 1317.55 1317.17 15.17 5.06 28.85 735.06 21.26 123.69 14.68 62.33 1316.05 1.67 1.00 1315.68 nan nan 1314.93 102.75 1314.93 nan nan nan 1314.19 nan nan nan nan 1.31 0.03 0.00 0.00 0.00 0.00 0.00 0.00 0.00 0.00 0.00 0.00 0.00
0.00 0.00 0.00 0.01 0.03 0.01 0.00 0.00 0.00 0.00 0.00 0.00 0.00 0.00 0.00 0.06 1.32 1.32 1.32 1.32 0.00 0.00 0.00 0.00 0.00 0.00 0.00 0.00 0.00 0.00 0.00 0.00 0.00 0.00 0.00 0.00 0.00 0.00 0.00 0.00 0.04 0.02 0.06 1317.92 102.70 1317.92 1317.55 1317.55 1317.17 110.90 23.12 1.42 1.00 1316.42 1316.42 1316.42 1316.05 1316.05 1.52 1.00 1126.14 1315.30 1315.30 21.44 33.95 nan nan nan nan nan nan nan nan nan 0.01 0.01 0.01 0.00 0.00 0.00 0.00 0.00 0.00 0.00 0.00 0.00 0.00
0.00 0.00 0.00 0.00 0.00 0.00 0.00 0.00 0.00 0.00 0.00 0.00 0.00 0.00 0.00 0.00 0.01 0.04 1.32 1.32 0.00 0.00 0.00 0.00 0.00 0.00 0.00 0.00 0.00 0.00 0.00 0.00 0.00 0.00 0.00 0.00 0.00 0.00 0.00 0.00 0.00 0.00 0.09 6.47 1318.70 1318.70 1318.32 1318.32 1317.95 1317.95 4.99 1.00 2.90 1317.19 nan nan nan 1316.81 1.00 1.00 8.84 1316.06 1316.06 1315.69 1315.69 nan nan nan nan nan nan nan nan 2.60 0.00 0.01 0.00 0.00 0.00 0.00 0.00 0.01 0.01 0.01 0.01 0.01 0.00
0.00 0.00 0.00 0.00 0.00 0.00 0.00 0.00 0.00 0.00 0.00 0.00 0.00 0.00 0.00 0.00 0.27 1.32 1.32 1.32 0.13 0.00 0.00 0.00 0.00 0.00 0.00 0.00 0.00 0.00 0.00 0.00 0.00 0.00 0.00 0.00 0.00 0.00 0.00 0.00 0.00 0.00 1319.08 1.81 16.95 1318.70 1318.32 1318.32 885.67 2.41 1.00 3.21 1181.68 1317.19 nan nan nan 1316.81 1.00 1.00 1.00 159.30 1316.06 1315.69 nan nan nan nan nan nan nan nan nan 1314.56 0.00 0.00 0.00 0.00 0.00 0.00 0.00 0.00 0.01 0.01 0.01 0.01 2.84
0.00 0.00 0.00 0.00 0.00 0.00 0.00 0.00 0.00 0.00 0.00 0.00 0.00 0.00 0.00 0.00 0.02 0.27 1.32 1.32 0.64 0.00 0.00 0.00 0.00 0.00 0.00 0.00 0.00 0.00 0.00 0.00 0.00 0.00 0.00 0.00 0.00 0.00 0.00 0.00 0.00 0.00 5.45 65.82 1.00 1.99 1318.32 437.01 2.10 1.00 3.09 9.58 1317.57 nan 1317.19 1317.19 1316.81 1316.81 95.19 78.93 1316.44 1316.06 1316.06 71.54 19.25 nan nan nan nan nan nan 1.31 1.31 0.01 0.00 0.00 0.00 0.00 0.00 0.00 0.00 0.00 0.27 1.31 1.31 770.47 8.07
0.00 0.00 0.00 0.00 0.00 0.00 0.00 0.00 0.00 0.00 0.00 0.00 0.00 0.01 0.00 0.00 0.01 1.32 1.32 1.32 1.32 0.01 0.00 0.00 0.00 0.00 0.00 0.00 0.00 0.00 0.00 0.00 0.00 0.00 0.00 0.00 0.00 0.00 0.00 0.00 0.00 0.00 1.00 1.00 1.00 1.00 8.41 11.26 3.09 6.37 10.20 9.97 1317.57 1317.19 1317.19 1121.40 9.01 5.37 1.00 1.00 1316.44 nan nan nan nan nan nan nan nan nan nan 1.31 1.31 0.00 0.00 0.00 0.00 0.00 0.00 0.00 0.00 0.00 0.07 0.93 1312.68 1312.68 68.41
0.00 0.00 0.00 0.00 0.00 0.00 0.00 0.00 0.00 0.00 0.00 0.00 0.00 0.00 0.93 0.00 0.00 0.04 0.12 1.32 1.32 1.32 1.32 0.00 0.00 0.00 0.00 0.00 0.00 0.00 0.00 0.00 0.00 0.00 0.00 0.00 0.00 0.00 0.00 0.00 0.00 0.00 1.00 1.00 1.00 1.00 1.00 169.44 15.18 9.96 10.20 9.97 1317.57 1317.19 27.58 113.07 7.36 1.00 1.00 0.00 0.00 0.03 nan nan nan nan 1.32 nan nan nan 1.31 nan 1.31 0.00 0.00 0.00 0.00 0.00 0.00 0.00 0.00 0.00 0.00 0.00 1312.68 1312.68 1312.31
0.00 0.00 0.00 0.00 0.00 0.00 0.00 0.00 0.00 0.00 0.00 0.00 0.00 0.01 0.00 0.00 0.01 1.32 1.32 1.32 1.32 1.32 1.32 1.32 0.00 0.00 0.00 0.00 0.00 0.00 0.00 0.00 0.00 0.00 0.00 0.00 0.00 0.00 0.00 0.00 0.00 0.00 7.26 5.49 1.00 1.00 9.14 17.76 3.63 9.19 10.26 10.74 981.96 14.76 0.00 0.00 0.00 0.00 0.00 0.00 0.04 1.32 nan nan nan 1.32 1.32 0.89 1.32 nan nan nan 1.32 0.00 0.00 0.00 0.00 0.00 0.00 0.00 0.00 0.00 0.00 1.00 1.00 1313.42 1313.04
0.00 0.00 0.00 0.00 0.00 0.00 0.00 0.00 0.00 0.00 0.00 0.00 0.00 1.32 0.00 0.00 0.00 1.32 1.32 1.32 1.32 1.32 1.32 1.32 1.32 nan 1.32 1.32 1.32 0.00 1.32 0.00 0.18 0.02 0.02 0.00 0.00 0.00 0.00 0.00 0.00 1.32 6.06 1.00 1.00 1.00 6.79 5.80 1.00 1.40 6.51 0.00 0.00 0.00 0.00 0.00 0.00 0.00 0.00 0.00 1.32 nan nan nan 1.32 0.51 1.32 1.32 1.32 1.32 nan 1.32 nan 0.00 1.31 0.21 0.00 0.07 0.00 0.00 0.00 0.00 1.00 1.00 1.00 11.56 1.00
0.00 0.00 0.00 0.00 0.00 0.00 0.00 0.00 0.00 0.00 0.00 0.00 0.00 0.07 0.00 0.00 0.00 0.00 0.01 1.32 1.32 0.03 1.32 nan nan nan nan nan nan nan 0.02 1.32 0.00 0.90 1.32 1.32 0.00 0.00 0.00 0.00 0.00 1.32 55.72 1.00 1.00 24.78 1319.10 1.00 1.00 1.72 1.13 1.00 0.00 0.00 0.00 0.00 0.00 0.00 0.00 0.08 1.32 nan nan 1.32 1.32 0.03 0.06 1.32 1.32 1.32 1.32 nan nan 1.32 1.31 1.31 1.31 0.00 0.00 0.00 0.00 1.00 1.00 1.00 1.00 8.90 1.00
0.00 0.00 0.00 0.00 0.00 0.00 0.00 0.00 0.00 0.00 0.00 0.00 0.00 0.00 0.00 0.00 0.00 0.00 0.00 0.00 0.40 0.03 1.32 1.32 nan 1.32 nan nan nan nan 1.32 1.32 0.00 0.00 0.00 1.32 1.04 0.00 0.00 0.00 1.00 2.40 nan 1.00 1.00 1.00 nan 1.42 1.00 1318.72 1.00 1.00 1.00 1.00 0.00 0.00 1.08 0.61 1.32 0.01 1.32 nan 1.32 1.32 1.32 1.32 1.32 1.32 0.16 1.32 1.32 1.32 nan 1.32 1.31 nan 1.31 0.00 0.00 0.00 1.00 1.00 1.00 1.00 1.00 1.00 2.88
0.00 0.00 0.00 0.00 0.00 0.00 0.00 0.00 0.01 0.00 0.00 0.00 0.00 0.00 0.00 0.00 0.00 0.00 0.00 0.00 0.00 1.32 1.32 0.91 1.32 1.32 nan 1.32 nan 1.32 1.32 1.32 0.00 0.00 0.00 0.00 0.24 0.00 0.00 1.00 1.00 23.07 nan 1.00 4.67 1320.27 1319.89 1.52 1319.50 1319.50 1.00 1.00 1.00 1.00 1.00 1.32 1.32 1.32 1.32 0.26 1.32 1.32 1.32 1.32 1.32 1.32 0.23 1.32 1.32 0.16 1.32 1.32 1.32 nan 1.32 nan 1.32 0.00 0.00 1.00 1.00 1.00 1.00 1.00 1.00 1.00 1.00
0.00 0.00 0.00 0.00 0.00 0.00 0.00 0.00 0.00 0.02 0.00 0.00 0.00 0.00 0.00 0.00 0.00 0.00 0.00 0.00 0.00 1.05 1.32 1.32 0.02 1.32 1.32 1.32 nan 1.32 0.01 nan 1.32 0.00 0.00 0.00 0.00 0.00 0.00 0.00 1.00 1320.66 641.55 1.00 1320.27 nan 1319.89 6.26 3.12 1.00 1.00 1.00 1.00 1.00 64.91 1318.73 0.05 1.32 1.32 1.32 0.00 0.07 1.32 1.32 1.32 1.32 1.32 1.32 1.32 1.32 1.19 1.32 nan 1.32 1.32 1.32 1.32 0.00 1.00 1.00 1.00 1.00 1.00 1.00 1.00 1.00 1.00
0.00 0.00 0.02 0.00 0.00 0.00 0.00 0.00 0.00 0.00 0.00 0.00 0.00 0.00 0.01 0.00 0.00 0.01 0.01 0.00 0.00 0.00 0.00 0.00 0.00 0.00 0.00 1.32 nan nan nan nan 1.32 0.01 0.00 0.00 0.00 0.00 0.00 0.00 1.00 nan nan 1.00 1.10 11.12 404.04 2.58 1.00 3.91 1.00 1.00 1.00 1.00 1.00 1.00 22.81 58.59 0.00 0.01 1.32 1.32 nan nan nan 1.32 1.32 nan nan 1.32 1.32 1.32 1.32 0.04 0.00 0.02 1.32 83.77 1.00 1.00 1.00 1.00 1.00 1.00 1.00 1.00 1.00
0.00 0.00 0.00 1.19 0.01 0.00 0.00 0.00 0.00 0.00 0.00 0.00 0.00 0.00 0.00 0.00 0.00 0.02 0.01 0.00 0.00 0.00 0.00 0.00 0.00 0.00 0.00 0.00 0.00 nan nan nan nan 0.01 0.00 0.00 0.00 0.00 0.00 1.00 1.00 3.76 nan 1320.27 150.54 5.01 21.13 1.25 1.00 38.19 1.00 1.00 1.00 1.00 1.00 1.00 1.00 1.94 1.00 1.00 0.00 0.00 1.32 1.32 1.32 1.32 0.03 1.32 1.32 1.32 1.32 0.00 0.00 0.00 1.00 12.28 55.80 1.00 1.00 1.00 1.00 1.00 1.00 1.00 1.00 1.00 1.00
0.00 0.00 0.00 0.00 0.00 0.00 0.00 0.00 0.00 0.00 0.00 0.00 0.00 0.00 0.00 0.00 0.00 0.00 0.00 0.00 0.00 0.00 0.00 0.00 0.00 0.00 0.00 0.00 0.00 1.32 nan nan nan 1.32 0.00 0.00 0.00 0.00 0.00 1.00 1.00 1320.66 nan 1320.27 1320.27 1320.27 36.97 2.09 1.36 2.26 1.00 1.00 1.00 1.00 1.00 1.00 1.00 1.00 1.00 1.00 1.00 1.00 1317.58 1317.20 1317.20 1317.20 1316.82 1316.82 1316.82 1316.44 1316.44 645.69 1.00 1.00 1.00 18.72 2.73 1.00 1.00 1.00 1.00 1.00 1.00 1.00 1.00 1.00 4.70
0.00 0.00 0.00 0.00 0.00 0.00 0.00 0.00 0.00 0.00 0.00 0.00 0.00 0.00 0.00 0.00 0.00 0.00 0.00 0.00 0.00 0.00 0.00 0.00 0.00 0.00 0.00 0.00 0.03 nan nan nan nan 1.32 0.00 0.00 0.00 0.00 0.00 1.00 1321.46 nan 1321.46 4.82 1321.06 1321.06 24.06 11.99 3.71 1.00 1.00 1.00 1.00 1.00 1.00 1.00 1.00 1.00 1.00 1.00 2.26 19.88 4.84 3.68 13.36 9.57 1.05 1.00 464.48 1317.19 1317.19 10.12 3.24 5.43 7.40 10.22 1.00 1.00 1.00 1.00 1.00 1.00 1.00 1.00 1.00 1.00 1314.51
0.00 0.00 0.00 0.00 0.00 0.00 0.00 0.00 0.00 0.00 0.00 0.00 0.00 0.00 0.00 0.00 0.00 0.00 0.00 0.00 0.00 0.00 0.00 0.00 0.00 0.00 0.00 0.00 0.43 nan nan nan 1.32 1.32 0.00 0.00 0.00 0.00 1.00 1.00 1321.46 1321.46 1260.79 7.48 51.08 20.31 12.10 33.57 5.96 1.00 1.00 1.00 1.00 1.00 1.00 1.00 1.00 1.00 1.00 5.99 4.35 1.00 1.00 1.00 1.48 1.02 1.00 3.64 129.28 51.68 10.38 9.53 8.99 9.54 9.83 12.02 1.00 1.00 1.00 1.00 1.00 1.00 1.09 4.48 10.11 228.93 1314.51
0.00 0.00 0.00 0.00 0.00 0.00 0.00 0.00 0.00 0.00 0.00 0.00 0.00 0.00 0.00 0.01 0.00 0.00 0.00 0.00 0.00 0.00 0.00 0.00 0.00 0.73 1.32 0.02 nan nan nan nan 1.32 0.14 0.00 0.00 0.00 1.00 1.00 1321.85 1321.46 1.00 1.00 15.79 18.80 14.05 11.69 12.11 1.64 1.00 1.00 1.00 1.00 1.00 1.00 1.00 1.00 1.00 1.00 1.00 1.00 1.00 1.00 1.00 1.00 1.00 2.25 5.73 8.56 10.07 9.92 9.58 2.10 1.84 2.29 6.00 1.00 1.00 1.00 1.00 1.80 1.47 3.82 8.94 20.54 1314.89 1.03
0.00 0.00 0.02 0.06 0.00 0.00 0.00 0.00 0.00 0.00 0.00 0.00 0.00 0.00 0.00 1.33 1.33 0.01 0.00 0.00 0.00 0.00 0.00 0.00 0.00 0.02 1.32 nan nan nan nan 1.32 0.02 0.00 0.00 0.00 0.00 1.00 1.00 nan 1321.46 4.09 1.00 4.46 8.91 2.10 5.72 12.43 1.00 1.00 1.00 1.00 1.00 1.00 1.00 1.00 1.00 1.00 1.00 1.00 1.00 1.00 1.00 1.00 1.00 1.00 1.00 1.00 3.36 9.27 2.38 2.17 1.00 1.00 1.00 3.20 1.16 1.00 1.00 2.77 15.44 7.94 1.45 1.04 0.00 0.00 1.31
0.00 0.01 0.95 1.26 0.99 0.00 0.00 0.00 0.00 0.00 0.00 0.00 0.00 0.00 1.33 1.33 1.33 0.02 0.00 0.00 0.00 0.00 0.00 0.00 0.00 0.01 0.01 1.32 nan nan 1.32 1.32 1.32 0.00 0.00 0.00 1.00 1.00 1322.65 nan 1.03 1.00 1.00 1.00 1.00 nan 57.05 1.63 1.00 1.00 1.00 1.00 1.00 1.00 1.00 1.00 1.00 1.00 1.00 1.00 1.00 1.00 1.00 1.00 1.00 1.00 1.00 1.00 1.61 1.87 1.00 20.70 46.86 1.00 1.00 1.00 1.00 1.00 1.00 2.36 4.59 0.00 0.00 0.00 0.00 0.00 0.05
0.00 1.33 1.33 1.33 0.71 0.02 0.01 0.00 0.00 0.00 0.00 0.00 0.02 1.33 0.24 1.33 1.33 0.00 0.00 0.00 0.00 0.00 0.00 0.00 0.01 0.00 0.01 1.32 nan 1.32 0.00 1.32 1.32 0.00 0.00 0.00 1.00 1.00 1322.65 1322.65 1.45 1.00 1.00 1.00 1139.91 3.24 1.00 1.00 1.00 1.00 1.00 1.00 1.00 1.00 1.00 1.00 1.00 1.00 6.94 1.00 1.00 1.00 1.00 1.00 1.00 1.00 1.00 1.00 1.00 9.00 27.76 1.73 4.38 1.00 1.00 1.00 1.00 1.00 1.00 0.00 0.00 0.00 0.00 0.00 0.00 0.00 0.21
1.33 nan 1.33 1.33 1.33 1.33 0.01 0.00 0.00 0.01 0.00 0.00 1.33 0.02 1.33 0.09 0.00 0.00 0.00 0.00 0.00 0.00 0.00 0.00 0.00 0.01 0.00 1.32 1.32 0.00 0.00 1.32 1.32 0.00 0.00 1.00 1.00 2.40 nan 1322.65 1.00 1.00 1.00 1.00 1321.86 1.00 1.00 1.00 1.00 1.00 1.00 1.00 1.00 1.00 1.00 1.00 2.87 5.08 1319.50 2.41 1.00 1.00 1.00 1.00 1.00 1.00 1.00 1.00 1.00 1.00 7.79 1.00 1.00 1.00 1.00 1.00 0.00 0.00 0.00 0.00 0.00 0.00 0.00 0.00 0.00 0.00 1.32
1.33 nan 0.51 1.33 1.33 1.33 0.00 0.00 0.00 0.77 1.33 1.33 0.05 1.33 0.00 0.00 0.00 0.00 0.05 0.03 0.00 0.00 0.00 0.00 0.00 0.00 1.32 1.32 0.00 0.00 0.00 nan 1.32 0.00 0.00 1.00 1.00 5.51 nan 1322.65 1.00 1.00 1.00 nan 1.00 1.00 1.00 1.00 1.00 1.33 1.00 1.00 1.00 1.00 1.00 1.75 247.07 1319.89 1319.50 1319.50 1.00 1.00 1.00 1.00 1.00 1.00 1.00 1.00 1.00 1.00 1.00 0.00 0.00 0.00 0.00 0.00 0.00 0.00 0.00 0.00 0.00 0.00 0.00 0.00 0.00 0.00 0.00
1.33 nan 0.05 1.33 1.33 0.00 0.00 0.00 0.00 0.03 1.21 1.33 0.00 0.00 0.00 0.00 1.33 0.03 0.06 0.00 0.00 0.00 0.00 0.00 0.00 0.00 0.01 0.00 0.00 0.01 1.32 1.32 0.00 0.00 1.00 1.00 1.00 4.32 nan 372.52 1.00 1.00 1322.25 1.00 1.00 1321.86 22.30 1.00 1.00 1.63 1.00 1.00 1.00 1.00 4.42 1320.28 1319.89 1319.89 nan 1319.50 1.00 1.00 0.00 0.00 0.00 0.00 0.00 0.00 0.00 0.00 0.00 0.00 0.00 0.00 0.00 0.00 0.00 0.00 0.00 0.00 0.00 0.00 0.00 0.00 0.00 0.01 0.01
1.33 1.33 1.33 0.18 0.00 0.00 0.00 0.00 0.00 0.00 0.00 1.16 0.01 0.00 0.00 0.14 0.00 0.00 0.61 0.02 0.00 0.00 0.00 0.00 0.00 0.00 0.00 0.00 0.00 0.76 1.32 0.60 0.00 0.00 1.00 1.00 1.00 1.00 1323.45 1.00 1.93 12.43 156.45 1322.65 5.16 1.00 1322.25 1322.25 13.87 2.08 6.99 1.00 1.00 1.00 1.00 nan nan nan nan 1320.27 0.00 0.00 0.00 0.00 0.00 0.00 0.00 0.00 0.00 0.00 0.00 0.00 0.00 0.00 0.00 0.00 0.00 0.00 0.00 0.00 0.00 0.00 0.00 0.00 0.00 0.01 0.01
1.33 1.33 0.01 0.00 0.00 0.00 0.00 0.00 0.00 0.00 0.03 1.25 0.00 0.00 0.01 0.00 0.00 1.33 1.33 1.33 0.00 0.00 0.00 0.00 0.00 0.00 0.00 0.00 0.00 0.03 0.00 0.00 0.00 0.00 1.00 1.00 1.00 1.00 2.46 1.00 1.00 1.00 1.00 1.00 1.42 7.68 1.00 1.00 2.39 2.04 19.70 1.00 1.00 1.00 1.00 1321.06 nan nan nan 1.32 0.00 0.00 0.00 0.00 0.00 0.00 0.00 0.00 0.00 0.00 0.00 0.00 0.00 1.00 1.00 76.99 371.92 32.44 6.87 13.95 9.00 0.00 0.00 0.00 0.00 0.00 0.00
1.33 0.01 0.00 0.00 0.00 0.00 0.00 0.00 0.00 0.00 0.01 0.00 0.00 0.00 0.00 0.00 1.33 nan 1.33 0.12 0.00 0.00 0.00 0.00 0.00 0.00 0.00 0.00 0.00 0.01 0.00 0.00 0.00 0.00 1.00 1.00 1.00 1.00 1.00 3.74 34.54 1.00 1.00 1.00 1.00 1.00 1.00 1.00 2.36 9.64 113.07 8.02 18.65 1.00 1.00 3.95 nan nan nan 1.32 0.00 0.00 0.00 0.00 0.00 0.00 0.06 1.32 0.00 0.00 0.00 573.19 1.47 1.00 1.17 1317.92 1317.53 100.55 1317.53 1317.14 1317.14 1316.75 1316.75 1.32 1.32 0.01 0.00
0.11 0.00 0.00 0.00 0.00 0.00 0.00 0.00 0.00 0.00 0.00 0.00 0.00 0.00 0.00 0.00 1.33 1.33 0.01 0.00 0.24 1.30 0.00 0.00 0.00 0.00 0.00 0.00 0.00 0.00 0.00 0.00 0.00 0.00 1.00 1.00 1.00 1.00 2.59 276.49 1323.05 15.66 1.00 1.00 1.00 1.00 1.00 2.61 24.04 113.84 500.29 718.94 42.29 1.00 1.00 1.00 0.01 nan nan nan 1.32 0.52 0.00 0.00 0.00 0.00 0.01 1.32 1.32 20.48 1.00 1.90 2.39 11.66 173.04 1317.92 1317.53 1317.53 1317.53 1317.14 1317.14 212.62 1316.75 1.32 1.32 1.32 0.06
0.01 0.00 0.00 0.00 0.00 0.00 0.00 0.00 0.00 0.00 0.00 0.00 0.00 0.00 0.00 0.00 1.33 1.33 1.33 1.33 1.33 1.33 0.03 0.02 0.05 1.33 1.33 0.00 0.00 0.00 0.00 0.00 0.00 0.00 1.00 1.00 1.00 1.00 1.00 1.00 1323.05 nan 1323.05 1.00 1.00 1.00 1.00 1.00 6.03 26.00 29.81 8.43 1.00 1.00 1.00 0.00 0.01 nan nan 1.32 1.32 0.08 0.00 0.00 0.00 0.00 0.00 0.00 688.27 7.87 1.00 1.00 1.00 1.00 1.00 120.62 9.07 8.67 94.58 1317.14 1317.14 1316.75 nan nan nan nan 1.32
0.00 0.00 0.01 0.00 0.00 0.00 0.00 0.00 0.00 0.00 0.00 0.00 0.00 0.00 0.00 1.33 nan nan nan nan 1.33 0.00 0.00 0.00 0.09 1.33 0.00 0.00 0.00 0.00 0.00 0.00 0.00 0.00 1.00 1.00 1.00 1.00 1.00 1.00 1.00 1.00 1323.86 63.93 1.00 1.00 1.00 1.00 2.94 3.44 3.88 1.22 1.00 1.00 1.00 0.00 0.01 1.32 1.32 1.32 1.32 1.32 0.00 0.00 0.00 0.00 1319.86 293.44 7.33 1.00 1.00 1.00 1.00 1.00 1.00 1.00 1.00 5.64 1318.28 1317.89 1317.89 nan nan nan nan nan 1.32
0.01 1.33 0.01 0.00 0.00 0.00 0.00 0.00 0.00 0.00 0.00 0.00 0.00 1.33 nan nan nan nan nan 1.33 0.00 0.00 0.00 0.00 0.00 0.00 0.00 0.00 0.00 0.00 0.00 0.00 0.00 1.00 1.00 1.00 1.00 1.00 1.00 1.00 1.00 1.00 1.00 1.60 1.00 1.00 2.43 25.78 3.37 1.54 1.51 4.33 1.00 1.00 1.00 0.00 0.01 1.32 1.32 1.32 1.32 1.32 1.16 0.00 0.00 2.54 17.81 17.33 1.90 1.00 1.00 1.00 1.00 1.00 1.00 1.00 1.00 1.00 65.15 1317.89 nan nan nan 1.32 1.32 1.32 1.32
0.09 1.33 1.33 0.04 0.01 0.01 0.00 0.01 1.33 0.03 0.00 0.00 0.00 nan nan nan nan nan nan 1.33 0.00 0.00 0.00 0.00 0.00 0.00 0.00 0.00 0.00 0.00 0.00 0.00 0.00 1.00 1.00 1.00 1.00 1.00 1.00 1.00 1.00 1.00 3.27 1.00 1.00 1.00 3.74 3.23 4.27 7.76 4.91 651.93 1322.25 53.72 2.34 1.00 1.00 1.00 189.03 1.32 1.32 0.07 0.01 12.28 1.00 1.00 1.00 1.00 1.00 1.00 1.00 1.00 1.00 1.00 1.00 1.00 1.00 1.00 1.00 nan nan nan nan nan 1.32 1.32 nan
1.33 1.33 0.18 0.03 1.33 1.33 0.00 1.33 1.33 1.33 0.82 0.00 0.00 nan nan nan nan 0.08 0.01 0.00 0.00 0.00 0.00 0.00 0.00 0.00 0.00 0.00 0.00 0.00 0.00 0.00 1.00 1.00 1.00 1.00 1.00 1.00 1.00 1.00 1.00 1.00 1.00 1.00 1.00 1.00 1.00 1.00 1.00 12.12 1322.65 1322.25 1322.25 1321.85 1321.85 1.00 1.00 1.00 479.65 1321.05 3.49 1.00 3.33 16.32 1.00 1.00 1.00 1.00 1.00 1.00 1.00 1.00 1.00 1.00 1.00 1.00 1.00 1.00 5.44 1317.89 nan 1317.50 1317.50 nan 1.32 1.32 1.32
0.08 1.33 1.18 0.00 1.33 1.33 1.33 nan nan 1.33 1.33 0.05 1.33 1.33 nan nan 0.25 0.00 0.00 0.00 0.00 0.00 0.00 0.00 0.00 0.00 0.00 0.00 0.00 0.00 0.00 0.00 1.00 1.00 1.00 1.00 1.00 1.00 1.00 1.00 1.00 1.00 1.00 1.00 1.00 1.00 1.00 1.00 1.00 1323.44 1323.44 1323.04 1323.04 1322.63 1322.63 1.00 1.00 1.00 45.57 1.56 1.00 1.30 5.59 961.16 29.06 1.00 1.00 1.00 1.00 1.00 1.00 1.00 1.00 1.00 1.00 1.00 1.00 1.87 1319.04 1318.64 1318.64 1318.24 1318.24 nan 1.32 1.32 1.32
