OUTPUT-RE/DISPLACEMENTS/Dist_20th_475years/Disp_20th__Earthquake475m-05_PGA=3.11__Ru=0.27_20.txt
ncols         654
nrows         1178
xllcorner     514480
yllcorner     4496780
cellsize      20
nodata_value  -9999.0
[rows 156 to 194 of 1178, columns 522 to 608 of 654]
0.00 0.00 5.51 2050.31 2049.83 nan nan 2049.36 nan nan nan nan nan 2.05 0.01 4.71 4.43 18.00 1.00 nan nan nan 1.00 0.00 0.00 0.00 0.00 0.02 0.01 0.02 0.03 0.00 0.00 0.00 0.00 0.00 0.00 0.00 0.00 0.11 2.04 2.04 2.04 2.04 0.00 0.00 0.00 1.81 nan nan 2.04 0.00 nan nan nan nan nan nan nan nan nan nan nan nan nan nan nan nan nan nan nan nan nan 2040.37 2040.37 3.86 1.00 10.98 1.00 1.00 1.00 nan nan nan nan nan nan
1.00 1.00 14.83 12.99 2049.83 1074.70 4.54 39.31 19.73 2048.90 nan nan nan 2048.44 216.07 1.00 1.30 1.11 66.34 nan nan nan 2046.72 0.00 0.00 0.00 0.00 0.00 0.00 0.01 0.00 0.00 0.00 0.00 0.00 0.00 0.00 0.00 0.02 2.04 2.04 0.26 0.07 1.86 2.04 0.00 0.00 0.00 2.04 nan nan nan nan nan nan nan nan nan nan nan nan nan nan nan nan nan nan nan nan nan nan nan nan nan nan nan nan nan nan 2039.93 1.00 253.36 nan nan 0.02 2.04 nan
1.00 1.00 1.00 1.00 1.00 1.00 1.00 1.00 1.00 1.00 1.00 1.00 1149.11 1548.17 1.00 1.00 5.02 1.42 88.21 nan nan nan nan 1.00 0.00 0.00 0.00 0.00 0.00 0.00 0.00 0.00 0.00 0.00 0.00 0.00 0.00 0.00 0.00 2.04 2.04 0.01 0.02 0.02 2.04 2.04 0.00 0.00 2.04 nan 2.04 2.04 nan nan nan nan nan nan nan nan nan nan nan nan nan nan nan nan nan nan nan nan nan nan nan nan nan nan nan nan nan nan nan 0.24 2.04 0.01 0.00
1.00 1.00 1.00 1.00 1.00 1.00 1.00 1.00 1.00 1.00 1.00 2048.90 2048.44 11.10 6.88 24.36 116.92 2.66 34.61 nan nan nan nan 2046.72 0.00 0.00 0.00 0.00 0.00 0.00 0.02 2.05 0.11 0.00 0.00 0.00 0.06 0.01 0.00 2.04 2.04 0.02 0.02 0.04 2.04 2.04 1.79 0.00 2.04 nan nan nan nan nan nan nan nan 2.04 nan nan nan nan nan nan nan nan nan nan nan nan nan nan nan nan nan nan nan nan nan nan nan nan nan 2.04 2.04 0.00 0.00
1.00 1.00 6.95 2050.31 3.39 1.00 1.00 1.00 1.00 1.00 2048.90 nan 2048.44 2048.44 45.84 2048.00 1854.84 3.51 1.00 1.00 2047.14 nan nan nan 0.00 0.03 0.01 0.00 0.00 0.04 2.05 2.05 2.05 2.05 2.05 2.04 1.90 2.04 2.04 2.04 0.52 0.65 0.03 2.04 2.04 2.04 2.04 2.04 2.04 2.04 nan nan nan nan nan nan nan nan nan 0.00 2.04 nan nan nan nan nan nan nan nan nan nan nan nan nan nan nan nan nan nan nan nan nan nan nan nan nan nan
1.00 1.00 nan nan 2050.71 229.70 3.36 1.00 1.29 1.00 nan nan 2049.33 2049.33 76.42 585.58 18.90 8.75 1.33 48.84 2048.03 2048.03 2047.62 2.05 2.05 2.05 2.05 0.00 0.00 0.01 2.05 2.05 2.05 nan nan nan 0.06 0.03 0.03 0.03 0.02 0.01 1.82 2.04 2.04 2.04 nan 2.04 0.01 0.13 nan nan nan nan nan nan nan nan nan nan nan 0.02 2.04 nan nan nan nan nan nan nan nan nan nan nan nan nan nan nan nan nan nan nan nan nan nan nan nan
1.00 36.12 nan nan 2050.71 nan 2050.71 10.79 1.00 259.83 nan nan 2.05 2.05 0.00 0.00 0.00 0.00 0.00 0.00 0.00 0.00 0.00 0.00 0.00 2.05 2.05 2.05 0.00 0.00 0.03 2.05 2.05 nan nan nan 2.05 0.01 0.00 0.00 0.29 0.03 0.01 2.04 2.04 2.04 2.04 2.04 0.10 0.00 0.00 2.04 nan nan nan nan nan nan nan nan nan nan 2.04 0.00 0.00 0.00 0.00 0.00 1.24 nan 2.04 nan nan nan nan nan nan nan nan nan nan nan nan nan nan nan nan
1.00 3.75 nan nan nan nan nan nan nan nan nan nan nan 2.05 0.02 0.00 0.00 0.00 0.00 0.00 1.11 2.05 2.05 2.05 2.05 2.05 2.05 2.05 2.05 0.20 2.05 2.05 nan nan nan nan 2.05 0.00 0.01 0.00 0.36 0.02 0.00 0.85 2.04 0.05 0.04 2.04 2.04 2.04 0.01 0.00 2.04 nan nan nan nan nan nan nan nan nan nan nan 0.00 0.00 0.00 0.00 0.01 2.04 0.01 2.04 nan nan nan nan nan nan nan nan nan nan nan nan nan nan nan
nan nan nan nan nan nan nan nan nan nan nan nan nan 2.05 2.05 0.08 0.00 0.00 0.21 0.10 0.05 0.04 2.05 2.05 2.05 2.05 nan 2.05 2.05 2.05 nan nan nan nan nan nan nan 1.50 0.16 0.00 1.32 0.17 1.48 1.66 0.53 2.04 2.04 2.04 2.04 2.04 0.22 0.00 0.05 nan 2.04 2.04 2.04 nan nan nan nan nan nan nan nan 0.01 0.00 0.00 0.00 0.00 0.00 2.04 nan nan nan nan nan nan nan nan nan nan nan 2.04 nan nan nan
nan nan 2.05 2.05 nan nan nan nan nan nan nan nan nan 2.05 nan nan 2.05 1.50 0.63 0.16 0.03 0.04 2.05 0.04 0.29 2.05 2.05 2.05 2.05 2.05 2.05 nan nan nan nan nan nan nan 2.05 0.00 2.04 2.04 2.04 2.04 1.51 2.04 nan 2.04 2.04 0.22 0.03 0.03 2.04 0.01 0.00 0.00 0.00 0.00 2.04 nan nan nan nan nan nan nan 2.04 0.00 0.00 0.00 2.04 nan nan nan nan nan nan nan nan nan nan nan nan nan nan nan nan
nan nan nan 2.05 nan nan nan nan nan nan nan nan nan nan nan nan nan 2.05 2.05 0.03 0.01 0.01 2.05 1.16 2.05 2.05 0.08 1.10 0.51 2.05 nan nan 2.05 nan nan nan nan nan nan 0.98 nan nan 2.05 2.05 2.05 nan 2.05 2.05 0.42 0.95 2.04 0.06 0.00 0.00 0.00 0.00 0.00 0.00 0.00 0.00 2.04 nan nan nan nan nan nan 2.04 1.52 2.04 nan nan nan nan nan nan nan nan nan nan nan nan nan nan nan nan nan
2.05 2.05 2.05 nan nan nan nan nan nan nan nan nan 2.05 2.05 nan nan 2.05 2.05 2.05 0.00 0.01 2.05 2.05 0.02 0.01 0.03 0.00 0.00 0.00 2.05 nan nan 2.05 0.00 2.05 nan nan nan 2.05 2.05 nan nan 2.05 nan nan 2.05 2.05 0.04 0.02 0.26 2.04 0.16 0.00 0.00 0.00 0.01 0.00 0.00 0.00 0.00 0.03 nan nan 2.04 nan nan nan nan 2.04 nan nan nan nan nan nan nan nan nan nan nan nan nan nan nan nan nan nan
0.00 0.00 2.05 2.05 2.05 nan nan nan nan 2.05 2.05 0.00 0.00 0.00 0.00 0.12 2.05 2.05 2.05 0.00 0.04 nan 2.05 2.05 0.01 0.00 0.00 0.00 0.00 nan nan nan 0.00 0.00 0.00 0.00 nan nan 2.05 2.05 nan 2.05 nan nan 2.05 2.05 0.03 0.00 0.01 0.02 0.03 0.00 0.00 0.00 0.01 0.03 0.00 2.04 2.04 2.04 2.04 2.04 1.90 0.03 0.02 nan nan nan nan nan nan nan nan nan nan 2.04 2.04 nan nan nan nan nan nan nan nan nan nan
0.00 0.00 0.00 0.03 2.05 nan nan nan nan 2.05 0.00 0.00 0.00 0.00 0.00 0.00 0.00 0.02 2.05 0.00 nan nan nan 2.05 1.82 0.02 0.07 0.00 2.05 nan nan nan 0.01 0.00 0.00 0.00 0.03 nan 2.05 2.05 2.05 2.05 nan nan 2.05 nan 2.05 0.27 0.17 0.04 0.02 0.00 0.00 0.00 0.01 nan 2.04 nan nan nan nan nan 2.04 0.10 0.02 0.00 nan nan nan nan nan nan nan nan nan 2.04 nan nan nan 0.00 2.04 nan nan nan nan 2.04 nan
0.00 0.00 0.00 0.00 2.05 nan 2.05 2.05 nan 2.05 0.00 0.00 0.00 0.00 0.00 0.00 0.00 0.00 0.01 2.05 nan nan nan nan 2.05 2.05 2.05 nan nan nan nan 2.05 1.97 0.04 0.00 0.02 2.05 2.05 nan nan nan nan nan nan nan nan nan 2.05 2.05 2.05 0.00 0.00 0.00 0.00 2.05 nan nan nan nan nan 2.04 nan nan nan nan nan nan nan nan nan nan nan nan nan 2.04 2.04 nan nan nan nan 0.00 2.04 0.00 0.00 2.04 0.04 2.04
0.00 0.00 0.00 0.01 2.05 nan nan 2.05 nan 2.05 0.00 0.00 0.00 0.00 0.00 0.00 0.00 0.00 0.00 nan nan nan 2.05 2.05 0.16 2.05 nan nan nan nan 2.05 0.09 0.25 0.83 0.00 0.01 nan nan nan nan nan nan nan nan nan nan nan nan 2.05 2.05 0.01 2.05 2.05 2.05 nan nan nan nan nan nan nan nan nan nan nan nan nan nan nan nan nan 1.94 0.29 0.00 0.06 0.02 nan nan nan nan nan nan 0.03 2.04 0.05 0.00 nan
0.00 0.01 2.05 2.05 2.05 nan nan nan nan nan 2.05 nan 2.05 0.00 0.00 0.00 0.00 0.00 0.00 0.00 2.05 2.05 0.00 0.00 0.00 nan nan nan nan 2.05 0.01 0.06 0.16 2.05 0.01 0.01 nan nan nan nan nan nan nan 2.05 2.05 nan 2.05 nan 2.05 2.05 2.05 nan nan nan nan nan nan nan nan nan nan nan nan nan nan nan nan nan nan nan 2.04 0.16 0.00 0.00 0.00 0.00 0.00 2.04 nan nan nan nan 2.04 2.04 0.24 0.00 2.04
2.05 2.05 2.05 nan nan nan nan nan nan nan 2.05 2.05 nan nan nan 2.05 2.05 2.05 2.05 2.05 2.05 nan 2.05 0.00 0.02 nan nan nan 0.01 0.00 0.00 0.00 0.14 1.41 0.02 2.05 2.05 2.05 nan nan nan nan 2.05 0.00 0.01 2.05 2.05 2.05 2.05 2.05 2.05 2.05 nan nan nan nan nan nan nan nan nan nan nan nan nan nan nan nan 2.04 2.04 2.04 0.01 0.01 0.00 0.00 0.00 0.00 0.00 0.00 0.00 0.00 nan nan 2.04 0.00 0.00 0.00
nan nan 2.05 nan nan nan nan nan nan nan nan 2.05 nan nan nan nan nan 2.05 2.05 nan 2.05 2.05 2.05 2.05 nan nan nan nan 0.00 0.00 0.00 0.00 0.00 0.21 2.05 0.02 0.00 0.00 0.00 nan 2.05 2.05 2.05 0.01 2.05 2.05 2.05 2.05 2.05 2.05 0.11 2.05 nan nan nan nan nan nan nan nan nan nan nan nan nan 0.06 2.04 2.04 2.04 2.04 2.04 0.01 0.01 0.00 0.00 0.00 0.00 0.00 0.00 0.00 0.00 2.04 nan 2.04 2.04 0.00 0.00
nan nan nan 2.05 nan nan nan nan nan nan nan nan nan nan nan nan nan 2.05 2.05 nan nan 2.05 2.05 2.05 2.05 nan nan nan 2.05 0.00 0.00 0.01 2.05 2.05 2.05 0.01 0.00 0.00 0.00 2.05 2.05 0.04 1.74 2.05 2.05 nan 2.05 2.05 nan nan 1.79 2.05 nan 2.05 nan nan nan nan nan 2.05 nan nan nan 0.00 0.00 0.00 0.00 2.04 2.04 2.04 2.04 0.00 0.00 0.00 0.00 0.00 0.01 0.00 0.00 0.00 0.00 2.04 nan 2.04 2.04 0.01 2.04
nan nan nan nan 2.05 nan nan nan nan nan nan nan 2.05 nan nan nan nan 2.05 2.05 2.05 nan nan nan 2.05 2.05 2.05 nan nan nan 1.11 0.05 2.05 nan nan nan nan 0.49 0.00 0.00 0.00 0.01 0.01 0.00 2.05 nan nan nan nan 2.05 nan 2.05 0.01 nan 2.05 nan nan nan nan 2.05 2.05 2.05 0.13 0.00 0.00 0.00 0.01 0.01 2.04 2.04 2.04 0.48 0.00 0.00 2.04 0.02 0.00 0.02 2.04 0.44 0.01 0.02 2.04 2.04 2.04 nan nan nan
0.00 0.27 2.05 2.05 2.05 2.05 2.05 nan nan nan nan nan 1.70 2.05 nan 2.05 2.05 0.97 0.01 0.00 0.34 2.05 2.05 2.05 2.05 2.05 nan nan nan 2.05 1.46 1.69 2.05 nan nan nan nan 2.05 0.01 0.00 0.01 0.41 2.05 0.19 2.05 2.05 2.05 nan nan 2.05 0.01 nan nan nan nan nan nan nan nan 2.05 0.01 0.00 0.00 0.01 0.03 0.17 0.67 0.59 2.04 2.04 2.04 0.01 1.88 2.04 0.07 0.01 0.00 0.65 nan nan nan nan nan nan nan nan nan
0.00 0.00 0.00 0.00 0.01 0.01 0.00 0.00 0.00 0.00 0.00 2.05 2.05 2.05 2.05 2.05 2.05 2.05 0.16 0.04 0.99 2.05 2.05 2.05 2.05 2.05 nan 2.05 2.05 2.05 0.01 0.00 0.04 2.05 2.05 2.05 2.05 nan nan 2.05 2.05 nan 2.05 0.00 0.00 0.00 2.05 2.05 2.05 2.05 2.05 2.05 2.05 nan nan nan 2.05 2.05 2.05 0.00 0.00 0.00 0.01 0.00 0.00 0.01 0.36 0.02 0.02 2.04 0.03 0.04 0.09 0.44 0.21 0.01 0.01 2.04 2.04 nan 2.04 nan nan nan nan nan nan
0.00 0.00 0.00 0.00 0.00 0.00 0.00 0.00 0.00 0.00 0.57 2.05 2.05 2.05 nan 2.05 2.05 2.05 2.05 2.05 2.05 0.02 0.02 0.74 2.05 2.05 2.05 2.05 2.05 0.01 0.00 0.00 0.19 2.05 2.05 2.05 0.57 2.05 nan nan nan nan 0.00 0.00 0.00 0.00 0.00 2.05 2.05 0.01 0.00 0.03 2.05 nan 2.05 2.05 2.05 2.05 0.10 0.00 0.00 0.18 2.05 1.87 0.21 2.05 1.79 0.00 0.00 0.07 0.00 0.01 0.03 0.03 0.01 0.00 0.11 2.05 2.04 2.04 2.04 nan nan nan nan nan nan
0.00 0.54 0.25 0.00 0.00 0.00 0.00 0.00 0.00 0.01 2.05 2.05 nan nan nan nan 2.05 2.05 2.05 0.02 0.02 0.03 0.05 0.07 1.39 0.01 0.00 0.24 0.23 0.02 0.01 0.02 0.83 1.03 0.32 0.02 0.01 0.01 0.01 nan nan nan 2.05 0.00 1.12 2.05 2.05 0.04 0.00 0.00 0.00 0.00 2.05 2.05 0.01 0.00 0.27 2.05 0.02 0.00 0.05 2.05 2.05 2.05 2.05 2.05 0.00 0.00 0.01 0.27 0.00 0.01 0.02 0.01 0.01 0.01 0.02 2.05 2.04 2.04 2.04 2.04 2.04 nan nan nan 2.04
nan 2.06 2.05 0.01 0.00 0.00 0.00 0.00 0.00 0.00 2.05 nan nan nan nan 2.05 2.05 2.05 0.18 0.00 0.00 0.13 2.05 0.06 0.02 0.00 0.00 0.00 0.06 0.07 0.01 0.01 2.05 1.79 0.02 0.04 0.01 0.02 0.03 2.05 nan nan nan nan nan 2.05 nan 2.05 0.00 0.00 0.00 0.00 0.00 0.00 2.05 0.79 0.04 0.02 0.02 0.08 2.05 2.05 2.05 2.05 2.05 2.05 0.02 0.00 0.01 0.28 0.00 0.00 0.02 0.01 0.03 0.00 0.00 1.87 0.07 0.01 2.04 2.04 2.04 2.04 2.04 nan 2.04
nan nan 2.05 2.05 0.00 0.00 0.00 0.00 0.00 2.05 2.05 2.05 nan nan nan nan nan 2.05 0.00 0.00 0.00 0.00 0.00 0.00 0.00 0.00 0.00 0.00 0.00 0.01 0.42 0.08 0.34 2.05 0.11 0.89 0.13 0.01 0.34 2.05 2.05 nan nan nan nan nan nan 2.05 0.14 0.00 0.00 0.00 0.00 0.01 0.03 0.07 0.02 0.02 0.15 2.05 2.05 nan nan 2.05 2.05 0.11 0.00 0.00 0.02 0.06 0.00 0.00 0.03 0.00 0.96 0.01 2.05 1.51 0.00 0.00 0.92 2.04 2.04 2.04 nan 2.04 2.04
nan nan 2.05 2.05 0.00 0.00 0.00 0.00 0.00 0.00 2.05 nan nan 2.05 2.05 nan nan 2.05 0.00 0.00 0.00 0.00 0.00 0.00 0.00 0.00 0.00 0.00 0.01 0.81 2.05 2.05 2.05 2.05 0.02 0.01 0.09 0.27 2.05 0.01 2.05 nan nan nan nan nan 2.05 2.05 0.01 0.00 0.00 0.01 0.04 1.98 0.00 0.00 1.95 2.05 2.05 2.05 nan nan nan nan 2.05 0.05 0.02 0.00 0.05 0.01 0.00 0.00 0.00 1.48 2.05 2.05 2.05 0.89 0.00 0.00 0.00 1.83 2.04 2.04 2.04 2.04 2.04
0.00 0.03 0.00 0.00 0.00 0.00 0.00 0.00 0.00 0.03 2.05 nan nan nan nan nan 2.05 0.02 0.00 0.00 0.00 0.00 0.00 0.00 0.00 0.00 0.00 0.00 0.00 2.05 2.05 2.05 nan 2.05 0.00 0.07 2.05 2.05 nan 0.00 2.05 nan 2.05 2.05 2.05 1.46 0.02 0.36 0.04 0.01 0.00 2.05 2.05 0.00 0.00 2.05 2.05 2.05 2.05 2.05 nan nan nan nan 0.02 0.01 0.02 0.00 0.02 0.00 0.01 2.05 0.04 2.05 2.05 2.05 2.05 2.05 0.01 0.00 0.01 0.00 0.03 nan nan 2.05 2.05
0.00 0.00 0.00 0.00 0.00 0.00 0.00 0.00 0.00 0.00 nan nan nan 2.05 0.06 2.05 2.05 0.05 0.00 0.00 0.00 0.00 0.00 0.00 0.00 0.00 0.00 0.00 0.00 0.00 nan nan nan nan 2.05 0.60 2.05 nan nan nan 0.61 2.05 2.05 0.00 0.00 0.00 0.00 0.00 0.00 0.00 2.05 2.05 0.03 0.00 2.05 nan 2.05 2.05 2.05 2.05 nan nan nan nan 0.04 0.07 0.01 0.02 0.01 0.68 nan nan nan nan 2.05 2.05 2.05 2.05 0.10 0.01 0.00 0.17 nan nan nan 2.05 0.51
0.00 0.00 0.00 0.00 0.00 0.00 0.00 0.00 0.00 0.00 nan nan nan nan 2.05 2.05 2.05 2.05 0.03 0.00 0.00 0.00 0.00 0.00 0.01 0.00 0.00 0.00 0.00 0.00 2.05 nan nan nan nan nan nan 2.05 nan nan 2.05 0.00 0.01 0.00 0.00 0.00 0.00 0.00 0.00 0.02 2.05 2.05 2.05 2.05 2.05 2.05 2.05 2.05 2.05 nan nan nan nan 2.05 0.01 1.10 1.20 0.02 0.01 2.05 nan 2.05 nan nan 2.05 2.05 2.05 2.05 2.05 0.10 0.00 2.05 2.05 nan nan 2.05 0.05
0.00 0.00 0.00 1.66 0.01 0.01 0.00 0.00 0.00 0.00 2.05 nan nan nan 2.05 0.40 2.05 0.07 0.40 0.00 0.00 0.00 0.00 0.00 0.00 0.00 0.00 0.00 0.00 0.00 0.00 2.05 nan nan nan nan nan 2.05 nan 2.05 2.05 0.00 0.00 0.00 0.00 0.00 0.00 0.00 0.00 0.03 2.05 2.05 2.05 2.05 2.05 2.05 2.05 2.05 2.05 nan nan nan 2.05 0.02 0.00 0.00 0.01 0.06 2.05 2.05 nan 2.05 2.05 2.05 2.05 2.05 2.05 2.05 2.05 2.05 2.05 2.05 nan nan nan nan 2.05
0.00 0.00 0.00 0.04 2.06 2.06 0.69 0.01 0.00 0.00 0.00 nan nan nan 2.05 1.23 2.05 1.38 0.00 0.00 0.00 0.00 0.01 0.00 0.00 0.00 0.00 0.00 0.00 0.00 0.00 0.00 0.00 2.05 nan nan nan nan nan nan 0.00 0.00 0.00 0.00 0.00 0.00 0.00 0.00 0.00 0.39 2.05 2.05 2.05 2.05 0.01 0.12 2.05 2.05 nan nan nan nan nan nan 2.05 0.26 2.05 2.05 2.05 2.05 nan 2.05 2.05 0.03 0.00 0.02 0.00 0.00 2.05 nan nan nan nan nan nan nan nan
0.01 0.00 0.02 1.07 2.06 2.06 0.15 2.06 0.04 0.00 2.06 nan 2.06 2.06 2.05 0.85 0.10 0.04 0.07 2.05 2.05 0.04 0.01 0.02 0.00 0.00 0.00 0.00 0.00 0.00 0.00 0.00 0.00 0.00 0.00 2.05 nan nan nan nan nan 2.05 0.01 0.00 0.00 0.00 0.00 0.00 0.00 0.07 nan nan nan nan 2.05 2.05 nan nan nan nan nan nan nan nan nan 2.05 2.05 nan nan nan nan nan nan 2.05 0.00 0.00 0.00 0.00 0.00 0.01 1.64 nan nan 2.05 nan nan 2.05
0.14 0.01 1.27 2.06 2.06 2.06 2.06 2.06 nan nan 2.06 2.06 2.06 0.01 2.05 2.05 2.05 2.05 2.05 2.05 2.05 2.05 0.64 0.00 0.00 0.00 0.00 0.00 0.00 0.00 0.00 0.00 0.00 0.00 0.00 0.00 0.01 nan nan nan nan nan 2.05 0.00 0.01 0.04 0.02 0.07 2.05 0.47 2.05 nan nan nan nan nan nan nan nan nan nan nan nan nan nan nan 2.05 2.05 nan nan nan nan nan nan 2.05 0.00 0.00 0.00 0.00 0.00 0.01 2.05 2.05 0.02 2.05 2.05 2.05
2.06 2.06 2.06 2.06 2.06 2.06 2.06 nan nan nan nan nan 2.06 0.00 0.00 2.05 2.05 2.05 2.05 0.00 0.06 nan 2.05 2.05 0.03 0.01 0.00 0.01 0.00 0.00 0.00 0.00 0.00 0.00 0.00 0.00 0.00 0.00 2.05 nan nan nan nan 0.20 0.00 0.00 0.00 0.00 0.02 0.30 0.02 2.05 nan nan nan 2.05 nan nan nan nan nan nan nan nan nan nan nan 2.05 nan nan nan nan nan nan nan 2.05 0.05 0.01 0.01 1.28 2.05 2.05 2.05 0.00 0.00 0.05 2.05
nan nan nan nan nan nan 2.06 nan 2.06 2.06 nan nan nan 0.02 0.00 0.00 2.05 2.05 2.05 0.11 2.05 nan nan nan 2.05 2.05 nan 0.05 0.00 0.00 0.00 0.00 0.00 0.00 0.00 0.00 0.00 0.00 0.00 0.00 nan nan nan 2.05 0.01 0.00 0.00 0.00 0.00 0.00 0.00 0.01 2.05 nan 2.05 2.05 2.05 nan nan nan nan nan nan nan nan nan nan nan 2.05 nan nan nan nan nan nan nan nan 2.05 2.05 2.05 2.05 nan nan 2.05 0.16 2.05 2.05
nan nan nan nan nan nan nan nan nan nan nan nan nan nan 0.01 0.00 2.06 nan nan 2.06 2.05 nan nan nan 2.05 nan nan nan 0.07 0.00 0.00 0.00 0.00 0.00 0.00 0.00 0.00 0.00 0.00 0.00 2.05 2.05 2.05 2.05 2.05 0.00 0.00 0.00 0.00 0.01 0.03 2.05 2.05 2.05 nan 2.05 2.05 nan nan nan nan nan nan nan nan nan nan nan nan nan nan nan nan nan nan nan nan nan nan nan nan nan nan 2.05 0.02 2.05 nan
nan nan nan nan nan nan nan nan nan nan nan nan nan nan nan nan 2.06 nan nan nan nan nan nan nan nan nan nan nan nan 0.00 0.00 0.00 2.05 2.05 2.05 nan nan nan nan 2.05 2.05 0.02 0.00 0.00 0.00 0.00 0.00 0.00 0.00 0.12 2.05 2.05 nan nan nan nan nan nan nan nan nan nan nan nan nan nan nan nan nan 2.05 nan nan nan nan nan nan nan nan nan nan nan nan nan nan nan nan nan
