OUTPUT-RE/DISPLACEMENTS/Dist_20th_475years/Disp_20th__Earthquake475m-01_PGA=4.20__Ru=0.27_20.txt
ncols         654
nrows         1178
xllcorner     514480
yllcorner     4496780
cellsize      20
nodata_value  -9999.0
[rows 912 to 949 of 1178, columns 261 to 347 of 654]
0.00 0.00 0.00 nan nan nan nan nan nan nan nan nan nan nan nan nan nan nan nan nan nan nan nan 2670.18 2670.18 2668.78 2668.78 2668.78 1.00 1.00 1.00 2665.96 nan nan nan nan nan 2663.13 70.64 5.34 6.19 3.86 10.65 13.11 1.00 1.00 1.00 1.00 1.00 1.00 0.00 0.00 0.00 1.11 2.65 2.65 2.65 0.12 0.00 0.00 0.01 0.02 0.02 0.02 0.00 0.04 2.20 0.40 0.07 0.06 0.22 0.10 0.01 0.00 0.00 0.00 0.00 0.00 0.01 2.14 2.64 1.22 2.64 2.30 0.01 0.00 0.00
1.00 0.00 0.00 0.00 2.68 nan nan nan nan nan nan nan nan nan nan nan nan nan nan nan nan nan nan nan nan nan nan nan 2667.37 7.41 1.00 nan nan nan nan nan nan 2663.13 2661.70 54.83 8.02 1.39 4.65 1.00 1.00 1.00 1.00 1.00 1.00 0.00 0.00 0.00 2.65 2.65 2.65 2.65 2.65 0.02 0.00 0.00 0.01 0.10 0.06 0.02 0.21 0.09 2.65 2.65 1.83 0.11 0.10 0.01 0.02 0.03 0.00 0.00 1.73 2.64 0.14 2.64 2.64 0.67 0.26 0.65 0.01 0.00 0.00
2.26 0.00 0.00 0.00 0.00 nan nan nan nan nan nan nan nan nan nan nan nan nan nan nan nan nan nan nan nan nan nan 2668.78 nan nan nan nan nan nan nan nan nan 2663.13 2661.70 38.90 2.92 1.00 1.00 1.00 1.00 1.00 1.00 1.00 0.00 0.00 0.00 2.65 2.65 2.65 2.65 0.01 0.02 0.00 0.00 0.03 0.03 0.06 0.01 0.04 2.65 0.01 2.65 2.65 2.65 0.23 0.05 0.01 0.03 0.02 0.01 2.64 2.64 1.18 2.64 2.64 2.64 0.40 0.06 0.11 0.00 0.00 0.00
2682.58 1.00 0.00 0.00 0.00 0.00 2.68 2.68 nan nan nan nan nan nan nan nan nan nan nan nan 2.67 nan nan nan nan nan nan nan nan nan nan nan nan 2.66 nan nan nan 2663.13 3.05 1.00 1.00 1.00 1.00 1.00 1.00 1.00 1.00 0.00 0.00 0.01 2.66 nan nan nan 2.65 0.06 0.02 0.03 0.13 2.65 1.51 0.05 0.01 0.99 2.65 2.65 2.65 2.65 2.65 2.53 0.12 0.01 0.00 0.02 2.64 nan 2.64 2.64 2.64 2.64 2.64 2.64 0.06 0.89 0.00 0.00 0.01
2684.67 1.00 0.00 0.00 0.00 0.00 2.68 nan nan nan nan 2.68 nan nan nan nan nan nan nan nan nan nan nan nan nan nan nan nan nan nan nan nan nan 2.67 nan nan 2665.34 1.00 1.00 1.00 1.00 1.00 1.00 1.00 1.00 0.00 0.00 0.00 nan nan nan nan nan nan 2.66 2.66 2.65 2.65 2.65 2.65 2.65 2.65 0.01 2.65 2.65 2.65 nan 2.65 2.65 2.65 2.65 2.65 2.21 nan nan 2.64 2.64 2.64 0.06 2.64 2.64 0.02 0.01 0.02 0.06 0.01 0.01
2684.67 1.00 0.00 0.00 0.00 0.00 2.68 nan nan nan nan nan nan nan nan nan nan nan nan nan nan nan nan nan nan nan nan nan nan nan nan nan nan 1.47 2.67 1304.05 49.35 1.00 1.00 1.00 1.00 1.00 1.00 1.00 0.00 0.00 2.66 nan nan nan nan nan nan 2.66 2.66 nan nan nan 2.65 2.65 2.65 0.01 2.65 0.01 2.65 nan nan nan nan nan nan nan nan nan nan 2.64 nan 2.64 0.61 nan 0.03 0.00 0.00 0.00 0.09 0.06 0.01
nan 2.87 0.00 2.68 0.00 0.00 2.68 nan nan nan 2.68 nan nan nan nan nan nan nan nan nan nan nan nan nan nan nan nan nan nan nan nan nan 2.67 0.08 0.73 32.16 1.00 1.00 1.00 1.00 1.00 1.00 1.00 0.00 0.00 nan nan nan nan nan nan nan nan 0.03 2.66 2.66 nan nan nan 2.65 2.65 2.65 2.65 2.65 2.65 nan nan nan nan nan nan nan nan nan nan nan nan 2.64 2.64 0.07 0.00 1.95 0.00 0.01 0.02 0.06 0.05
nan nan 2.68 0.00 0.00 0.00 nan nan nan nan nan nan nan nan nan nan nan nan nan nan nan nan nan nan nan nan nan nan nan 2.67 0.02 0.11 0.00 0.01 0.00 0.00 1.00 1.00 1.00 1.00 1.00 0.00 0.00 3.00 nan nan nan nan nan 7974.66 nan 7970.36 7970.36 0.10 2.66 2.66 nan nan 2.65 2.65 2.65 2.65 2.65 nan 2.65 nan nan nan nan nan nan nan nan nan nan nan 2.64 2.22 0.02 0.00 2.64 2.64 0.01 0.03 0.01 0.06 0.06
nan nan 2.69 nan nan nan nan nan nan nan 2.68 2.68 nan nan nan nan nan nan nan nan nan nan nan nan nan nan 2.67 nan 2.67 0.00 0.00 0.00 0.00 0.00 0.00 0.00 1.00 1.00 1.00 0.00 0.00 0.00 3.00 nan nan nan nan nan nan nan 7981.39 346.89 64.08 0.01 0.15 2.39 2.66 2.66 2.65 2.65 0.06 2.65 2.65 2.65 2.65 nan nan 0.03 1.28 2.65 2.65 nan nan 2.65 nan nan 0.00 2.64 nan 0.03 2.64 2.64 0.02 0.01 0.00 0.02 0.09
nan nan nan 2.69 nan nan nan nan nan nan 2.68 2.68 2.68 nan nan nan nan nan nan nan nan nan nan nan nan nan nan 2.67 0.00 0.00 0.00 0.00 0.00 0.00 0.00 0.00 0.00 1.00 0.00 0.00 0.00 5.46 7994.16 nan nan nan nan nan 7981.39 143.69 75.33 3.00 8.29 3.19 0.00 0.01 0.05 0.00 0.00 0.02 0.06 2.65 2.65 2.65 2.65 2.65 0.01 0.00 0.00 0.00 0.02 2.65 2.65 2.65 2.65 2.65 2.64 nan nan 2.64 nan 2.64 2.64 0.04 0.00 0.00 0.02
nan nan 2.69 nan nan 2.68 nan nan nan 2.68 2.68 2.68 2.68 nan nan nan nan nan nan nan nan nan nan nan nan nan 2.67 0.00 0.00 0.00 0.00 0.00 0.00 0.00 0.00 0.00 0.00 0.00 0.00 0.31 2.66 nan nan nan nan nan 16.24 12.97 855.23 23.87 41.74 141.11 3.00 3.00 3.00 6.75 0.10 2.66 0.00 0.00 0.00 0.00 0.11 0.28 0.00 0.00 0.00 0.00 0.00 0.00 0.00 0.00 0.01 0.03 0.19 0.42 2.64 2.64 0.04 2.64 2.64 1.36 0.13 0.27 0.00 0.00 0.00
nan 2.69 0.52 2.69 nan 2.68 nan nan nan nan nan 0.15 2.68 nan nan nan nan nan nan nan nan nan nan nan nan nan 0.00 0.00 0.00 0.00 0.00 0.00 0.00 0.00 0.00 0.00 0.00 2.67 2.67 2.67 2.66 2.66 nan nan nan nan nan 152.12 7981.39 7981.39 212.51 3.00 3.00 3.00 3.00 3.00 127.22 7968.51 7964.20 0.00 0.00 0.00 0.00 0.00 0.01 2.65 0.03 0.00 0.00 0.00 0.00 0.00 0.00 0.02 1.62 0.00 0.00 0.00 2.64 2.64 2.64 0.00 0.00 0.06 0.01 0.00 0.24
nan nan 0.08 2.69 nan nan nan nan nan nan nan nan nan nan nan nan nan nan nan nan nan nan nan nan nan 2.67 0.00 0.00 0.00 0.00 0.00 0.00 0.00 0.00 0.00 0.00 nan nan 2.67 2.67 2.66 nan nan nan nan nan 7985.66 7985.66 7981.39 3.00 3.00 3.00 134.78 3.00 3.00 3.00 103.93 nan nan nan 7964.20 0.05 0.27 0.07 0.05 0.02 0.01 0.00 0.00 0.00 0.00 0.00 0.01 0.29 2.65 0.01 2.64 2.64 2.64 0.56 2.64 2.64 2.64 2.64 2.64 2.64 nan
2.69 2.69 2.69 nan nan nan nan nan nan nan nan nan nan nan nan nan nan nan nan nan nan nan nan nan nan 0.00 0.00 0.00 0.00 0.00 0.00 0.00 0.06 2.67 2.67 nan nan nan 2.67 2.67 nan nan nan nan nan nan 7992.33 7992.33 39.69 3.00 3.00 8.93 3.00 3.00 3.00 3.00 865.00 nan nan nan nan nan 1.08 0.00 0.00 0.02 0.02 0.00 0.00 0.00 0.00 0.00 0.01 2.65 2.65 2.65 nan 2.65 0.29 2.65 2.65 0.05 2.64 2.64 nan nan nan
2.69 2.39 2.69 2.69 2.69 nan nan nan nan nan nan nan nan nan nan nan nan nan nan nan nan nan nan nan 0.00 0.00 0.00 0.00 0.00 0.00 0.00 0.95 nan nan nan nan nan nan nan nan nan nan nan nan nan nan nan 7992.33 7195.68 27.34 3.00 7.39 3.00 3.00 3.40 3.00 19.67 nan nan nan nan nan 7966.68 0.00 0.00 0.02 0.05 0.00 0.00 0.00 0.00 0.00 0.00 2.65 nan 2.65 0.10 0.01 2.65 2.65 2.65 0.00 0.02 2.64 nan nan nan
0.04 2.40 2.69 2.69 2.69 2.69 nan nan nan 2.68 2.68 nan nan nan nan nan nan nan nan nan nan nan nan 2.68 0.00 0.00 0.00 0.00 0.00 0.02 2.67 nan nan 2.67 nan nan nan nan nan nan nan nan nan nan nan nan nan 3493.75 3.01 13.31 3.00 3.00 3.00 3.00 3.00 3.00 3.00 7975.27 nan nan nan 7966.68 9.32 0.00 0.00 0.01 0.04 0.00 0.00 0.00 0.00 0.00 0.29 2.65 2.65 0.00 0.00 0.00 2.65 0.04 0.11 0.90 0.28 nan nan nan nan
0.00 2.69 2.69 2.69 2.69 nan nan nan nan nan nan nan nan nan nan nan nan nan nan nan nan nan nan 0.00 0.00 0.00 0.00 0.00 2.67 2.67 nan nan nan nan nan nan 2.67 nan nan nan 2.67 nan nan nan nan nan nan 7992.33 3.00 3.00 3.00 3.00 3.00 3.00 3.00 3.00 7975.27 nan nan nan nan nan 155.81 4.44 0.00 0.01 0.04 0.00 0.00 0.00 0.02 0.01 2.65 1.09 2.31 0.15 2.65 2.65 2.65 0.08 2.65 nan nan nan nan nan nan
0.00 2.69 2.69 0.48 nan nan nan nan nan nan nan nan nan nan nan nan nan nan nan nan nan nan 0.00 0.00 0.00 0.00 0.00 2.68 2.67 2.67 nan nan nan nan nan nan nan nan nan nan 2.67 nan 2.67 nan nan nan 2.66 nan nan 7988.08 7988.08 7983.82 1544.40 nan nan nan nan nan nan nan nan 7966.68 126.80 52.02 0.00 0.02 0.02 0.00 0.00 0.16 0.86 0.09 2.38 2.65 2.65 2.65 2.65 2.65 2.65 2.65 2.65 nan nan nan nan nan nan
0.11 nan nan nan nan nan nan nan nan nan nan nan nan nan nan nan nan nan nan nan nan 2.68 0.00 0.00 0.00 0.00 2.68 nan 2.68 2.68 nan nan nan nan nan nan nan nan nan 2.67 2.67 2.67 2.67 nan 2.67 2.67 nan nan nan nan nan nan nan nan nan nan nan nan nan nan 7977.73 7973.45 7973.45 7969.16 1374.29 0.02 0.04 0.00 1.76 2.65 2.36 2.65 2.65 2.57 0.02 2.65 nan nan 2.65 nan nan nan nan nan nan nan nan
nan nan nan nan nan nan nan nan nan 2.69 nan 2.69 2.68 nan nan nan nan nan nan nan nan 2.68 0.01 2.68 0.00 2.68 nan 2.68 nan nan nan nan nan nan nan 2.67 nan 2.67 0.04 0.92 2.67 2.67 2.67 2.67 2.67 2.67 nan 2.67 nan nan nan nan nan nan nan nan nan nan nan nan nan 7973.45 7973.45 7969.16 7086.70 2.66 0.01 0.17 2.65 2.65 2.65 2.65 2.65 0.02 2.65 nan nan nan 2.65 nan nan nan nan nan nan nan 2.64
nan nan nan nan nan nan nan nan nan 2.69 2.69 nan 2.68 nan 2.68 nan nan nan nan nan nan 2.68 nan 0.01 0.02 2.68 2.68 nan nan nan nan nan nan nan 0.00 0.00 0.01 0.00 0.00 0.00 0.03 2.67 2.67 2.67 nan 2.67 2.67 2.67 2.66 nan nan nan nan nan nan nan nan nan nan nan nan nan 7973.45 188.11 7969.16 nan 2.65 2.65 2.65 2.65 2.65 2.65 1.12 nan nan nan nan nan nan nan nan nan nan nan nan nan 2.64
nan nan nan nan nan nan nan nan nan 2.69 2.69 nan 2.68 nan 0.01 nan nan nan nan nan nan 2.68 2.68 0.00 nan 2.68 2.68 nan 2.68 nan nan nan 0.19 0.00 0.00 0.00 0.00 0.00 0.00 0.00 0.00 0.01 0.20 2.67 2.67 0.00 0.00 2.33 2.66 2.66 nan nan nan nan nan nan nan nan nan nan nan 7973.45 7973.45 7969.16 69.79 nan nan 2.65 2.65 2.65 2.65 2.65 nan nan nan nan nan nan nan nan nan nan nan nan 2.01 nan nan
nan nan nan nan nan nan nan nan nan 2.69 2.69 nan nan 2.69 2.69 nan nan nan nan nan nan 0.00 0.00 0.00 2.68 2.68 nan 2.68 0.52 nan nan 2.68 0.00 0.00 0.00 0.00 0.00 0.00 0.00 0.00 0.00 0.00 0.02 1.49 0.00 0.00 0.00 0.00 0.00 0.02 2.67 nan nan nan nan nan 7988.68 7988.68 nan nan nan 7980.17 7980.17 7975.90 7975.90 nan nan 2.66 2.66 2.66 2.66 nan nan nan nan nan nan nan nan nan nan nan nan 0.00 0.00 nan nan
nan nan nan nan nan nan nan nan nan 2.69 nan nan nan 2.69 nan nan nan nan nan nan 0.01 0.00 0.00 0.00 2.68 nan nan nan nan nan nan 0.01 0.00 0.00 0.00 0.00 0.00 0.00 0.00 0.00 0.00 0.00 0.00 0.01 0.00 0.00 0.00 0.00 0.00 0.00 0.00 2.67 nan 3809.75 85.67 12.78 37.51 3.00 119.53 nan nan nan 7980.17 nan 2.66 nan nan 2.66 2.66 2.66 nan nan nan nan nan nan nan nan nan nan nan 2.65 2.65 0.00 0.01 nan nan
nan nan nan nan nan nan nan nan nan 2.69 nan 2.69 nan 2.69 nan nan nan nan nan nan 0.00 0.00 0.00 0.00 0.00 nan nan nan nan nan nan 0.03 0.00 0.00 0.00 0.00 0.00 0.00 0.00 0.00 0.00 0.00 0.00 0.00 0.00 0.00 0.00 0.00 0.00 0.00 0.00 0.01 0.00 3.00 3.00 3.00 3.00 3.00 3.23 7600.19 4.65 0.00 2.60 0.00 0.11 nan 2.66 2.66 2.66 nan nan nan nan nan nan nan nan nan nan 2.65 2.65 0.00 0.00 0.00 2647.15 nan nan
nan nan nan nan nan nan 2.69 nan nan 2.69 2.69 2.69 2.69 2.69 nan nan nan nan nan nan 0.00 0.00 0.00 0.00 0.00 0.03 nan nan nan nan nan nan 2.68 0.02 0.01 0.01 0.00 0.00 0.01 0.00 0.00 0.00 0.00 0.00 0.00 0.00 0.00 0.00 0.00 0.00 0.00 0.00 0.00 0.00 0.00 0.00 0.00 0.00 0.00 0.00 0.00 0.00 0.00 0.00 2.66 2.66 2.66 2.66 2.66 nan nan nan nan nan nan nan 2.65 2.65 2.65 0.01 0.04 0.00 0.00 1.00 9.17 nan nan
nan nan nan nan 2.69 2.69 2.69 nan nan 2.69 0.05 0.01 2.69 2.69 nan nan nan nan nan nan 0.15 0.00 0.00 0.00 0.00 0.00 2.68 nan nan nan nan nan nan 2.68 0.06 0.02 0.03 0.00 0.00 0.00 0.00 0.00 0.00 0.00 0.00 0.00 0.00 0.00 0.00 0.00 0.00 0.00 0.00 0.00 0.00 0.00 0.00 0.00 0.00 0.00 0.00 0.05 1.88 2.66 0.01 0.00 2.66 nan nan nan nan nan nan nan nan nan nan 2.65 nan 2.65 0.02 0.00 1.00 1.00 46.47 2647.15 nan
nan nan nan 2.69 2.69 2.69 nan nan 2.69 2.69 0.03 2.69 nan nan nan nan nan nan nan nan 0.02 0.00 0.00 0.00 0.00 0.00 2.68 nan 2.68 nan nan nan 2.68 2.68 2.68 1.96 0.00 0.00 0.03 0.02 0.02 0.05 0.02 0.00 0.00 0.00 0.00 0.00 0.00 0.00 0.00 0.00 0.00 0.00 0.00 0.00 0.00 0.00 0.00 0.00 0.00 0.01 0.09 0.02 0.00 1.39 2.66 nan nan nan nan nan nan nan nan nan nan nan 2.65 nan 2.65 0.00 126.98 17.14 2649.43 2649.43 nan
nan nan 2.69 2.69 2.69 2.69 nan 2.69 0.00 0.03 2.69 nan nan nan nan nan nan nan nan nan 0.00 0.00 0.00 3.00 0.00 0.00 0.18 2.68 2.68 2.68 nan nan 2.68 2.68 2.68 2.68 2.68 0.00 0.09 2.67 2.67 2.67 1.93 0.00 0.00 0.00 0.00 0.00 0.00 0.00 0.00 0.00 0.00 0.00 0.00 0.00 0.00 0.00 0.00 0.00 0.00 0.04 0.01 0.54 1.93 0.03 2.66 nan nan nan nan nan nan nan nan nan nan 2.65 0.03 0.06 2.65 2650.87 2650.87 2650.87 2649.43 2649.43 nan
nan 2.69 2.69 2.69 2.69 2.69 0.06 0.00 0.01 2.69 2.69 nan 2.69 nan nan nan nan 2.69 nan 2.69 0.00 0.00 0.00 3.00 3.00 0.00 0.00 2.68 2.68 nan 2.68 2.68 2.68 2.68 2.68 2.68 2.68 2.30 2.67 2.67 2.67 2.67 0.20 0.00 0.00 0.00 0.00 0.00 0.01 0.00 0.00 0.00 0.00 0.00 0.00 0.00 0.00 0.00 0.00 0.00 0.03 0.01 0.00 0.51 0.00 0.00 0.18 nan nan nan nan nan nan nan nan nan 0.00 0.00 0.00 0.00 0.00 2650.87 2650.87 2650.87 2649.43 2649.43 nan
nan 2.69 2.69 2.69 2.69 2.69 0.00 0.00 2.69 nan nan 2.69 2.69 nan nan nan 2.69 2.69 2.69 0.29 0.00 0.00 0.00 3.00 3.00 3.00 3.00 0.05 nan nan 2.68 2.68 2.68 2.68 2.68 2.68 2.68 2.68 2.67 2.67 2.67 2.67 0.08 0.00 0.00 0.00 0.00 0.00 0.00 0.00 0.00 0.00 0.00 0.00 0.00 0.00 0.00 0.00 0.00 0.00 0.01 0.02 0.01 0.01 0.01 0.00 2.66 nan nan nan nan nan nan nan nan 0.00 0.00 0.00 0.00 0.00 0.00 471.86 2650.87 2650.87 2649.43 2649.43 2647.99
2.70 2.70 2.70 2.70 2.70 2.69 0.01 2.69 nan nan nan 2.69 nan nan nan nan 2.69 nan 2.69 0.00 0.00 0.00 0.00 3.00 3.00 3.00 3.00 15.46 2.68 nan nan 2.68 2.68 2.68 2.68 2.68 2.68 2.68 2.46 0.31 2.68 2.68 0.10 0.00 0.00 0.00 0.00 0.00 0.00 0.00 0.01 0.00 0.00 0.00 0.00 0.00 0.00 0.00 0.00 0.00 0.02 0.11 0.22 0.82 0.00 0.00 nan nan nan nan nan nan nan nan nan 0.00 0.00 0.00 0.00 0.00 1.00 1.00 2653.13 2653.13 2651.69 2651.69 2650.26
2.70 2.70 2.70 2.70 2.70 2.69 2.69 nan nan 2.69 nan nan nan nan nan nan 2.69 2.69 0.08 0.00 0.00 0.00 0.00 3.00 3.00 3.00 3.00 3.00 nan nan nan 8043.30 nan nan 2.68 2.68 0.08 0.00 2.68 2.68 2.68 2.68 2.68 0.00 0.00 0.02 0.00 0.00 0.00 0.00 0.00 0.00 0.00 0.00 0.00 0.00 0.00 0.00 0.00 0.00 0.02 2.66 2.66 0.52 0.01 2.66 nan nan nan nan nan nan nan nan nan 0.00 0.00 0.00 0.00 0.00 1.00 1.00 3.31 2653.13 2651.69 347.11 2650.26
2.70 2.70 nan nan nan 2.69 2.69 nan nan 2.69 nan nan nan nan 0.03 0.00 0.00 0.00 0.00 0.00 0.00 0.00 0.00 3.00 3.00 12.34 3736.26 8051.41 nan nan nan 506.94 nan nan nan 8035.14 0.02 0.01 2.68 2.68 2.68 nan 2.68 0.00 0.00 0.00 0.00 0.00 0.00 0.02 0.00 0.00 0.00 0.00 0.00 0.00 0.00 0.00 0.00 0.06 2.67 0.05 0.01 0.06 0.06 2.66 nan nan nan nan nan nan nan nan 0.00 0.00 0.00 0.00 0.00 0.00 1.00 1.00 1.00 114.61 22.49 79.73 2650.26
2.70 2.70 2.70 2.70 2.70 nan nan nan nan nan nan nan nan 0.00 0.00 0.00 0.00 0.00 0.00 0.00 0.00 0.00 0.00 3.00 16.32 nan nan nan nan nan nan 10.73 28.72 8039.23 nan nan 166.56 0.04 0.20 nan nan nan 2.68 0.00 0.00 0.00 0.00 0.00 0.00 0.00 0.00 0.00 0.00 0.00 0.00 0.00 0.00 0.00 0.05 0.54 2.60 0.01 0.05 0.02 0.01 nan nan nan nan nan nan nan nan nan 0.00 0.00 0.00 0.00 0.00 0.00 1.00 1.17 6.42 5.16 48.18 2488.03 2650.26
0.02 2.70 2.70 2.70 2.70 nan nan nan 2.69 nan nan nan 0.00 0.00 0.00 0.00 0.00 0.00 0.00 0.00 0.00 0.00 0.00 3.00 nan nan nan nan nan nan nan 3.00 6.77 nan nan nan 19.00 31.46 8031.03 nan nan 2.68 2.68 2.67 0.01 0.00 0.00 0.00 0.00 0.00 0.00 0.00 0.00 0.00 0.00 0.00 0.00 0.00 0.01 0.09 0.01 0.10 0.29 0.04 2.66 nan nan nan nan nan nan nan nan nan 0.00 0.00 0.00 0.00 0.00 0.00 0.00 1.00 327.46 35.74 955.60 2651.69 2650.26
0.01 2.70 2.70 2.70 2.70 nan nan 2.70 2.70 nan nan nan 0.00 0.00 0.00 0.00 0.00 0.00 0.00 0.00 0.00 0.00 0.00 nan nan nan 8057.70 nan nan nan 5.87 3.00 3.62 nan 8045.58 nan 8041.51 19.05 nan nan nan nan 2.68 2.68 0.20 0.01 0.02 0.00 0.00 0.00 0.00 0.00 0.00 0.00 0.00 0.00 0.00 0.00 0.00 0.00 0.01 0.14 0.06 0.00 nan nan nan 2.66 2.66 nan nan nan nan nan 2.66 0.00 0.00 0.00 0.00 0.00 0.00 0.00 1.69 48.67 94.15 2653.94 2652.51
0.17 0.08 2.70 2.70 2.70 nan nan nan nan nan nan 0.00 0.00 0.00 0.00 0.00 0.00 0.00 0.00 0.00 0.00 0.00 0.00 357.57 nan nan 3.00 nan 8053.67 60.30 3.00 3.00 3.00 8045.58 nan nan nan nan nan nan nan nan 2.68 2.68 2.68 0.60 0.03 0.00 0.00 0.00 0.00 0.04 0.01 0.00 0.00 0.00 0.00 0.00 0.00 0.00 0.02 0.02 0.00 2.67 nan nan 2.66 2.62 nan nan nan nan nan nan 2.66 0.00 0.00 0.00 0.00 0.00 0.00 0.00 7.80 1003.32 67.15 40.33 2652.51
