OUTPUT-RE/DISPLACEMENTS/Dist_20th_475years/Disp_20th__Earthquake475m-03_PGA=2.87__Ru=0.27_20.txt
ncols         654
nrows         1178
xllcorner     514480
yllcorner     4496780
cellsize      20
nodata_value  -9999.0
[rows 39 to 77 of 1178, columns 348 to 434 of 654]
2.55 0.02 0.00 0.00 0.00 0.00 2.23 2.55 1.11 2.12 2.11 0.15 0.00 0.00 0.05 2.48 2.55 2.55 2.55 0.01 0.01 0.00 0.00 0.03 0.01 0.01 0.02 0.01 0.00 0.00 0.00 0.00 0.00 0.00 0.00 0.00 0.00 0.00 0.00 0.00 0.00 0.00 0.00 0.00 2.54 nan nan nan nan nan nan 2.54 2.54 nan 2.54 2.54 2.54 2.54 nan nan nan nan 2.54 2.53 2.53 nan nan nan 2.53 0.01 0.00 0.01 0.00 0.00 0.00 0.00 0.00 1.00 1.00 4.30 953.55 1422.80 6.77 1.20 6.04 0.00 0.00
2.55 0.02 0.00 0.00 0.00 0.00 0.00 2.55 2.55 2.55 2.55 1.77 0.00 0.00 0.00 0.01 2.11 2.55 0.18 0.00 0.00 0.00 0.00 0.03 0.00 0.00 0.01 0.00 0.00 0.00 0.00 0.00 0.00 0.00 0.00 0.00 0.00 0.00 0.00 0.00 0.00 0.00 0.03 2.54 nan nan nan nan nan nan nan 2.54 nan 2.54 2.54 2.54 2.54 nan 2.54 2.54 2.54 nan nan nan 2.53 2.53 nan nan 0.00 0.00 0.00 0.00 0.00 0.00 0.00 0.00 0.00 1.00 439.78 1.00 2529.89 2529.07 217.59 8.20 20.25 0.00 0.00
2.55 0.01 0.00 0.00 0.01 0.96 0.03 0.01 2.55 2.55 2.55 2.55 0.00 0.00 0.00 0.00 0.02 0.57 0.02 0.00 0.00 0.00 0.00 0.00 0.00 0.00 0.00 0.00 0.00 0.00 0.00 0.00 0.00 0.00 0.00 0.00 0.00 0.00 0.00 0.00 0.00 0.00 2.54 nan nan nan nan nan nan 2.54 2.54 nan nan 2.54 2.54 2.54 2.54 2.54 2.54 2.54 2.54 2.54 2.54 0.09 2.54 2.54 nan 0.00 0.00 0.00 0.00 0.00 0.01 0.00 0.00 0.00 0.01 2531.16 86.37 2530.34 2530.34 nan 2529.51 988.15 290.91 31.74 0.00
1.26 0.00 0.00 0.01 0.02 0.02 0.02 0.02 0.04 0.01 0.00 0.02 0.04 0.00 0.01 0.03 0.01 0.04 0.00 0.00 0.00 0.00 0.00 0.00 0.00 0.00 0.00 0.00 0.00 0.00 0.00 0.00 0.00 0.00 0.00 0.00 0.00 0.00 0.00 0.00 0.08 2.54 2.54 nan nan nan nan nan nan nan nan nan nan 2.54 2.54 2.54 2.54 2.54 2.54 2.54 0.00 0.00 2.54 2.54 nan nan 0.13 0.00 0.00 0.00 0.00 0.00 0.14 0.00 0.00 2.53 0.03 2531.16 4.39 511.36 2530.34 2529.51 1961.89 2226.92 4.42 1.00 0.00
2.55 2.55 0.10 0.01 0.01 0.02 0.02 0.02 0.00 0.00 0.00 0.00 0.02 0.02 0.08 0.03 0.01 2.55 0.02 0.00 0.00 0.00 0.00 0.00 0.00 0.01 0.00 0.00 0.00 0.00 0.00 0.00 0.00 0.00 0.00 0.00 0.00 0.00 0.00 0.00 0.17 2.54 2.54 2.54 nan nan nan nan nan nan nan nan 2539.35 5.30 0.00 2.54 2.54 2.54 2.54 2.54 2.54 2.54 0.02 2.54 nan nan 0.02 0.00 0.00 0.00 0.00 0.00 0.00 1.46 2.53 2.53 0.01 2531.16 852.44 13.21 2085.30 24.07 2529.51 207.25 1.00 1.00 1.00
2.55 2.55 2.55 0.42 0.00 0.06 0.02 0.00 2.45 12.06 10.02 22.96 0.02 0.00 0.01 1.71 2.55 2.55 0.07 0.00 0.00 0.00 0.00 0.00 0.01 2.46 0.00 0.00 0.00 0.00 0.00 0.00 0.00 0.00 0.00 0.00 0.00 0.00 0.00 0.00 0.01 2.54 2.54 2.54 nan nan nan nan nan nan nan nan 1.00 168.91 8.50 2538.54 0.04 0.53 2.54 2.54 2.54 0.00 2.54 2.54 2.54 2.54 0.00 0.00 0.00 0.00 0.00 0.00 0.00 1.28 2.53 2.53 1.89 0.04 2531.16 10.33 2273.58 2529.51 2529.51 1.06 1.00 1.00 1.00
2.55 2.55 2.55 0.00 0.00 0.00 1.00 2.21 12.17 17.52 3.40 18.21 1.93 0.00 2.55 2.55 2.55 nan 2.55 0.00 0.00 0.00 0.00 0.00 0.00 1.34 0.27 0.00 0.00 0.00 0.00 0.00 0.00 0.00 0.00 0.00 0.00 0.00 0.00 0.00 0.00 1.04 2.54 nan nan nan nan nan 2540.16 nan nan nan 31.02 2538.54 2538.54 2538.54 2537.73 1.20 0.05 0.11 2.54 2.33 0.02 0.04 0.11 0.00 0.00 0.00 0.00 0.00 0.00 0.00 0.00 0.02 2.53 2.53 2.53 0.05 1866.40 3.24 26.31 nan 2529.51 79.23 60.39 1.00 1.00
2.56 2.56 2.55 0.04 1.00 1.00 1.00 1.00 1.00 1.00 15.50 7.70 4.99 4.23 0.08 nan nan nan 2.55 0.00 0.00 0.00 0.00 0.00 0.02 2.55 2.55 1.17 0.00 0.00 0.00 0.00 0.00 0.00 0.00 0.00 0.00 0.00 0.00 0.00 0.00 0.02 nan nan nan nan nan nan 2540.66 nan nan 2539.85 21.61 2539.04 2539.04 2539.04 2538.22 2538.22 0.00 0.01 0.20 2.54 2.54 2.54 2.28 2.54 2.53 0.02 0.00 0.00 0.00 0.00 0.00 0.00 0.09 2.53 2.53 0.30 36.38 1.00 1078.72 2529.98 970.52 2295.29 1.86 1.00 1.00
0.01 0.02 0.00 2554.60 2554.60 4.59 2.71 1.00 1.00 2.93 2552.39 46.97 45.71 1.46 8.03 nan nan nan nan 2.55 0.00 0.00 0.34 2.55 2.55 2.55 2.55 2.55 0.02 0.00 0.00 0.00 0.00 0.00 0.00 0.00 0.00 0.00 0.00 0.00 0.00 0.02 nan nan nan nan 2541.47 2541.47 2540.66 2540.66 nan nan nan 2539.04 2539.04 744.99 1969.99 1.00 4.03 0.00 0.02 2.54 2.54 0.06 0.03 2.48 0.01 0.00 0.00 0.00 0.00 0.00 0.00 0.00 0.00 0.01 0.00 0.00 2531.63 55.39 1.59 2529.98 2529.98 842.25 1.00 1.00 1.00
0.00 19.34 129.00 32.63 2554.60 2553.87 2068.21 2553.13 11.51 9.03 2552.39 2552.39 5.06 4.62 2240.82 nan nan nan nan nan 2.55 1.17 2.55 2.55 2.55 nan nan 2.55 2.55 0.01 0.00 0.00 0.00 0.00 0.00 0.00 0.00 0.00 0.00 0.00 0.00 0.00 nan nan nan 2541.47 2541.47 nan nan 2540.66 nan nan nan nan 2539.04 12.75 1.00 1.00 18.49 2537.40 0.00 0.00 0.10 2.54 2.54 0.06 0.00 0.00 0.00 0.00 0.00 0.00 0.00 0.00 0.00 0.00 0.00 0.00 3.48 2530.81 1.82 nan 2529.98 2529.98 778.67 4.00 1.00
1.00 1.00 1.00 1.27 6.85 9.94 16.91 2553.13 1887.23 1.00 3.09 1.86 1.00 1.00 1.00 1.00 2550.89 2.55 nan nan 2.55 0.84 0.00 0.00 2.55 2.55 2.55 2.55 2.55 0.00 0.00 0.00 0.00 0.00 0.00 0.00 0.00 0.00 0.00 0.00 0.00 0.09 2.54 nan nan nan nan nan nan nan 2.90 2539.85 2539.85 2539.04 2539.04 651.05 1.58 3.91 159.68 2537.40 2537.40 0.04 2.54 2.54 2.54 0.01 0.00 0.00 0.00 0.00 0.00 0.00 0.00 0.00 0.00 0.00 0.00 0.00 1.00 5.48 2530.81 nan 2529.98 2529.98 2529.15 797.58 5.28
1.00 1.00 1.00 1.00 1.00 1.00 1.00 1.00 2.37 4.67 6.80 2.47 1.00 1.00 1.00 1.00 12.65 0.11 2.55 0.18 0.01 0.01 0.00 0.00 0.00 0.43 2.55 2.55 2.55 0.03 0.00 0.00 0.00 0.00 0.00 0.00 0.00 0.00 0.00 0.00 0.00 0.05 nan nan nan nan nan nan nan nan 1.00 1.48 655.63 7.84 2539.04 2539.04 2538.22 2538.22 2537.40 2537.40 2537.40 2.54 0.18 0.10 2.54 0.59 0.01 0.03 0.00 0.00 0.00 0.00 0.00 0.00 0.00 0.00 0.00 0.00 0.00 21.90 2530.81 nan nan 2529.98 2529.15 17.63 1.00
1.00 1.00 1.00 1.00 1.00 1.00 1.00 1.00 15.01 7.73 8.83 13.24 6.11 5.67 5.34 15.71 59.47 0.00 0.00 0.00 0.00 0.00 0.01 1.60 0.03 0.01 0.27 2.55 2.55 0.02 0.00 0.00 0.00 0.00 0.00 0.00 0.00 0.00 0.00 0.00 0.00 2.54 nan nan nan nan nan nan nan 2541.18 1.00 1.00 1.45 4.18 2539.55 2539.55 2538.73 2538.73 2537.91 2537.91 2537.91 2537.09 2.54 2.54 0.49 0.00 0.01 2.12 0.01 0.00 0.00 0.00 0.00 0.00 0.00 0.00 0.00 0.00 0.00 18.81 nan nan 2530.46 15.01 1.00 1.00 1.00
1.00 1.00 1.00 1.00 1.00 1.00 1.00 1.55 6.39 1.00 6.19 466.84 985.73 2552.21 14.31 1.00 1.00 0.00 0.00 0.00 0.01 0.19 2.55 2.55 0.11 0.01 0.02 0.09 2.55 0.01 0.00 0.00 0.00 0.00 0.00 0.00 0.00 0.00 0.00 0.00 0.00 2543.61 nan nan nan nan nan nan 2541.18 1.00 1.00 1.00 1.00 6.24 2539.55 2539.55 nan 2538.73 2537.91 2537.91 2537.91 2537.09 2537.09 2.54 0.51 0.02 0.14 2.54 0.01 0.00 0.00 0.00 0.00 0.00 0.00 0.00 0.00 0.00 0.00 0.00 2531.29 nan 39.19 1.00 1.00 1.00 1.00
1.00 1.00 1.00 1.00 1.00 1.00 1.00 12.78 1.00 1.00 8.65 2552.96 2552.21 118.28 48.13 1.02 0.00 0.00 0.00 0.05 2.09 2.55 2.55 2.55 0.32 0.02 0.02 0.02 0.61 0.00 0.00 0.00 0.00 0.00 0.00 0.00 0.00 0.00 0.00 0.00 2.54 nan nan nan nan nan nan nan 2541.18 1.00 1.00 1.00 1.00 9.24 851.48 2539.55 nan 2538.73 2537.91 2537.91 21.28 2537.09 nan 2536.26 0.01 0.01 2.54 2.54 0.05 0.50 0.00 0.00 0.00 0.00 0.00 0.00 0.00 0.00 0.00 0.00 2531.29 2530.46 1.00 1.00 1.00 1.00 1.00
1.00 1.00 1.00 1.00 1.00 1.00 1.00 1.00 10.02 39.17 67.30 256.55 109.76 2.86 6.38 0.00 0.00 0.00 0.00 0.00 2.55 nan nan 2.55 0.02 0.01 0.34 0.49 2.55 0.03 0.00 0.00 0.00 0.00 0.00 0.00 0.00 0.00 0.00 2.54 nan nan nan nan nan nan nan nan 2541.18 1.00 1.00 1.00 1.84 5.38 20.86 2539.55 nan nan 2537.91 2537.91 12.02 7.25 2537.09 2536.26 0.02 0.00 2.54 2.54 0.07 0.00 0.00 0.00 0.00 0.00 0.00 0.00 0.00 0.00 0.00 0.00 2.49 1.00 1.00 1.00 1.00 1.00 1.00
1.00 1.00 1.28 1.57 2.47 1.00 1.00 1.00 1.00 15.58 28.44 32.56 10.83 4.03 0.00 0.00 0.00 0.00 0.00 0.00 2.55 nan 0.55 2.55 2.55 2.55 0.02 2.55 2.55 2.55 1.72 0.00 0.00 0.00 0.00 0.00 0.00 0.00 2.54 2.54 nan nan nan nan nan nan nan nan nan 994.48 2.36 178.66 38.57 4.68 4.11 2540.08 2539.26 2539.26 2538.44 2538.44 2538.44 6.84 nan nan 2536.78 0.01 2.54 0.20 0.00 0.00 0.00 0.00 0.00 0.00 0.00 0.00 0.00 0.00 0.00 0.00 0.00 1.00 1.00 1.00 1.00 1.00 1.00
1211.69 2556.51 879.26 9.62 6.36 10.11 1.00 1.00 1.00 24.86 1.00 3.03 3.21 0.00 0.00 0.00 0.00 0.00 0.00 0.14 2.55 2.55 2.55 0.00 2.55 nan 0.27 2.55 2.55 2.55 0.02 0.00 0.00 0.00 0.00 0.00 0.00 0.03 nan nan nan nan nan nan nan nan nan nan nan 2541.72 1417.48 1696.20 2540.90 39.24 56.69 2540.08 41.69 24.91 2538.44 2538.44 2538.44 nan nan nan nan 2536.78 0.00 0.42 0.00 0.00 0.00 0.00 0.00 0.00 0.00 0.00 0.00 0.00 0.00 0.00 0.00 0.00 1.00 1.00 1.00 1.00 1.00
2556.51 2556.51 2555.78 183.20 1.00 4.82 15.77 1.00 1.00 1.00 1.00 0.00 0.00 0.00 0.00 0.00 0.01 0.00 0.00 0.00 2.55 nan 2.55 0.00 0.00 2.55 2.55 0.21 2.55 0.28 0.00 0.00 0.00 0.00 0.00 0.00 0.00 2.55 2.54 nan nan nan nan nan nan nan nan nan 2541.72 2541.72 2541.72 99.73 2540.90 2540.08 2540.08 202.24 1.00 1.00 3.29 2190.75 2538.44 nan nan nan nan nan 1.20 2.54 0.00 0.00 0.00 0.00 0.00 0.00 0.00 0.00 0.00 0.00 0.00 0.00 0.00 0.00 1.00 1.00 1.00 1.00 1.00
nan 2556.51 2555.78 2555.78 7.08 138.91 1.00 1.00 1.00 1.00 0.00 0.00 0.00 0.00 0.00 0.01 0.03 0.00 0.00 0.03 2.55 2.55 2.55 0.00 0.01 0.46 2.55 0.00 0.09 0.01 0.00 0.00 0.00 0.00 0.00 0.00 0.00 2.12 2.54 2544.97 nan nan nan nan nan nan nan nan 2541.72 2541.72 2541.72 2540.90 nan nan 6.00 1.00 1.00 1.00 1.00 11.15 48.57 2537.61 nan nan nan 2536.78 2535.95 0.04 0.00 0.00 0.00 0.00 0.01 0.01 0.00 0.00 0.00 0.00 0.00 0.00 0.00 0.00 0.00 1.00 1.00 1.00 1.00
nan nan nan 1.00 1.00 1.00 1.00 1.00 1.00 0.00 0.00 0.00 0.00 0.00 0.00 0.03 0.40 0.00 0.02 2.55 2.55 0.11 0.02 0.01 0.00 0.89 0.01 0.00 0.00 0.00 0.00 0.00 0.00 0.00 0.00 0.00 0.00 2.55 nan 274.10 2544.16 nan nan nan nan nan nan 236.58 43.19 2541.72 2541.72 2540.90 2540.90 2540.08 1.00 1.00 1.00 1.00 1.71 1.00 10.87 2537.61 2537.61 nan 2401.76 1.84 2535.95 2535.95 0.01 0.00 0.00 0.00 0.00 0.00 0.00 0.00 0.00 0.00 0.00 0.00 0.00 0.00 0.00 1.00 1.00 1.00 1.00
2557.14 2557.14 2556.40 55.72 1.00 1.00 1.00 1.00 0.00 0.00 0.00 0.00 0.00 0.00 0.01 0.02 0.03 0.09 2.55 2.55 2.55 nan 2.55 0.00 0.00 0.15 0.01 0.00 0.00 0.00 0.00 0.00 0.00 0.00 0.00 0.00 0.00 2.55 2545.54 2545.54 nan nan nan nan nan 2543.10 2543.10 2319.46 2542.28 2542.28 2542.28 2541.46 2541.46 1.41 1.00 1.00 1.00 1.00 1.57 1.00 2.98 42.81 2538.16 2537.33 3.37 1.46 2536.49 2.25 44.01 74.13 0.00 0.00 0.00 0.00 0.00 0.00 0.00 0.00 0.00 0.00 0.00 0.00 0.00 0.00 1.00 1.00 1.00
2557.14 2557.14 2304.44 2556.40 106.36 1.00 1.00 0.00 0.00 0.00 0.00 0.00 0.00 0.03 0.10 0.13 0.70 0.45 2.55 2.55 2.55 2.55 2.55 0.03 0.01 0.23 0.02 0.01 0.00 0.00 0.00 0.00 0.00 0.00 0.00 0.00 0.00 0.01 2545.54 nan nan nan nan nan 42.78 1949.86 19.89 2.98 98.71 2542.28 2542.28 2541.46 48.53 1.67 1.00 1.00 1.00 1.00 1.00 1.00 1.00 1.50 45.54 125.02 16.12 1.00 1.00 1.00 9.11 13.74 13.02 4.55 0.00 0.00 0.00 0.00 0.00 0.00 0.00 0.00 0.00 0.00 0.00 0.00 1.00 1.00 1.00
2557.14 2557.14 69.13 2.82 2.32 8.67 0.00 0.00 0.00 0.00 0.00 0.00 0.02 0.03 1.82 2.55 2.55 2.55 2.55 nan nan nan 2.55 2.55 2.55 2.55 0.04 0.01 0.00 0.00 0.00 0.00 0.00 0.00 0.00 0.00 0.00 0.00 2.13 8.22 nan nan nan nan 1.00 1.00 1.00 1.00 3.78 37.04 4.91 1.00 7.46 2540.64 10.23 1.00 1.00 1.00 1.00 1.00 1.00 1.00 1.00 1.00 1.00 2537.33 27.80 1648.00 37.49 1.25 1.00 1.00 1.00 1.00 0.00 0.00 0.00 0.00 0.00 0.00 0.00 0.00 0.00 0.00 0.00 1.00 1.00
nan nan 2556.40 2.66 1.00 0.00 0.00 0.00 0.00 0.00 0.00 0.00 2.55 0.01 1.23 2.55 2.55 2.55 2.55 2.55 nan nan nan 2.55 2.55 2.55 2.55 1.77 0.00 0.00 0.00 0.00 0.00 0.00 0.00 0.00 0.00 0.00 1.00 1.00 117.51 nan nan nan 2543.92 1.00 1.00 1.00 1.00 1.28 3.17 3.77 35.01 2540.64 53.35 5.86 4.21 1.00 1.00 1.00 1.00 1.00 1.00 6.10 2537.33 1545.83 2536.49 2536.49 2535.66 3.40 3.02 4.95 1.00 1.00 1.00 1.00 0.00 0.00 0.00 0.00 0.00 0.00 0.00 0.00 0.00 1.00 1.00
1.00 nan nan nan 0.01 0.00 0.00 0.00 0.00 0.00 0.01 2.55 2.55 2.55 2.55 2.55 2.55 2.55 2.55 2.55 nan nan 2.55 2.55 0.03 0.19 0.16 0.03 0.03 0.00 0.00 0.00 0.00 0.00 0.00 0.00 0.00 0.00 1.00 1.00 1.00 nan nan nan nan 1.00 1.00 1.66 1.72 1.00 1.00 3.21 27.87 505.19 2541.21 1120.59 128.16 5.98 2.89 4.96 2.75 2.57 4.71 165.98 85.30 912.36 2537.06 nan 521.79 1.85 4.87 1.00 1.00 1.00 1.00 1.00 1.00 1.00 0.00 0.00 0.00 0.00 0.00 0.00 0.00 0.00 1.00
nan nan nan nan 0.00 0.00 0.00 0.00 0.00 0.01 2.55 2.55 2.55 2.55 2.55 2.55 2.55 2.55 nan nan nan nan 2.55 2.55 0.01 0.00 0.00 0.00 0.00 0.24 0.02 0.00 0.00 0.00 0.00 0.00 0.00 0.00 0.00 1.00 1.00 12.03 nan nan nan 1.25 1.09 1.13 5.18 5.29 1.00 1.43 189.23 2541.21 2541.21 2541.21 2540.39 45.91 5.93 1.00 1.00 3.39 22.66 38.43 41.98 34.52 2537.06 2537.06 727.24 1.00 1.00 1.00 1.00 1.00 1.00 1.00 1.00 1.00 1.00 1.00 0.00 0.00 0.00 0.00 0.00 0.00 0.00
nan nan nan 0.00 0.00 0.00 0.00 0.00 0.00 2.56 nan 2.55 2.55 2.55 2.55 2.55 2.55 nan nan nan nan nan 2.55 2.25 0.00 0.00 0.00 0.00 0.00 0.01 2.55 nan nan 2.55 2.55 0.00 0.00 0.00 0.00 1.00 1.00 1.93 nan nan nan 2543.69 1.00 1.00 2.02 3.00 1.54 5.99 2542.04 2541.21 2541.21 2541.21 2540.39 61.93 7.58 1.00 1.00 8.14 23.16 29.06 47.08 34.28 2537.06 2537.06 9.65 1.00 1.00 1.00 1.00 1.00 1.00 1.00 1.00 1.00 1.00 1.00 1.00 0.00 0.00 0.00 0.00 0.00 0.00
nan nan nan 0.00 0.00 0.00 0.00 0.01 2.56 nan nan 2.55 1.97 0.02 0.00 0.00 nan nan nan nan 2.55 nan nan 0.02 0.00 0.00 0.00 0.00 0.00 0.00 2.55 nan nan nan nan nan 0.00 0.00 0.00 0.00 1.00 1.00 nan nan nan 775.16 1.00 1.00 1.67 67.60 19.91 299.96 2542.04 nan 2541.21 2541.21 208.26 6.78 17.77 187.74 1897.24 2538.72 322.15 56.51 26.89 7.83 2537.06 2537.06 6.26 1.00 1.00 1.00 1.00 1.00 1.00 1.00 1.00 1.00 1.00 1.00 1.00 1.00 0.00 0.00 0.00 0.00 0.00
nan nan 2.56 0.05 0.02 2.56 0.30 651.82 2555.55 nan nan 2554.79 0.51 0.01 0.00 0.00 nan nan nan nan nan nan 2.55 0.00 0.00 0.00 0.00 0.00 0.00 0.03 2.55 nan nan nan 2.55 2.55 nan 1.00 0.00 0.00 1.00 1.00 nan nan nan 2543.69 4.68 8.30 11.46 27.24 2542.86 2542.04 nan nan nan 2541.21 2540.39 nan nan 2539.56 2539.56 2538.72 189.09 2002.45 11.01 2537.89 2537.06 215.29 1.00 1.00 1.00 1.00 1.00 1.00 1.23 1.38 1.00 1.00 1.00 1.00 1.00 1.29 206.44 0.00 0.00 0.00 0.00
2.56 2.56 2.56 2.56 2.56 2.56 2556.96 2556.20 2556.20 nan 2555.45 nan 2.55 0.01 0.00 0.00 2.55 nan nan nan nan nan nan 0.01 0.01 0.00 0.00 0.00 0.01 0.13 2.55 2.47 0.02 2.55 nan nan nan 91.20 1.00 0.00 0.00 1.00 nan nan nan nan 2544.29 2544.29 2543.47 2068.64 2543.47 nan nan nan nan nan nan 2540.98 33.06 10.10 99.71 234.50 2539.31 2538.47 2538.47 2538.47 164.29 2.98 1.00 1.00 1.00 1.28 1.00 1.00 1.00 1.00 1.00 1.00 1.00 1.00 1.00 2.47 11.58 1.00 0.00 0.00 0.00
1.88 2.56 2.56 nan 2.56 nan 2556.96 2556.20 2556.20 nan nan nan 2.55 0.00 0.00 0.00 2.55 nan nan nan nan 2.55 nan 0.01 0.02 0.03 0.00 0.00 2.55 2.55 0.09 0.00 0.00 2.55 nan nan nan 2547.56 1.00 0.00 0.00 0.00 0.00 nan nan nan nan nan nan nan nan nan nan nan nan nan nan 73.32 2.57 5.42 10.88 84.60 677.57 2538.47 2538.47 1.00 1.00 2.06 1.00 1.00 1.01 1.39 1.00 1.00 1.00 1.00 1.00 1.00 1.00 1.00 1.00 1.48 4.69 1.00 1.00 0.00 0.00
0.00 0.00 2.56 nan 2.56 nan nan 2556.20 2556.20 nan nan nan 1.42 0.00 0.00 0.01 2.55 nan nan nan nan nan nan nan 2.55 2.55 0.55 2.55 2.55 0.38 0.00 0.00 0.00 2548.37 nan nan nan nan 47.90 1.00 0.00 0.00 0.00 2.55 2.55 nan nan nan nan nan nan nan nan nan nan nan nan 2540.98 24.56 4.16 32.36 6.19 6.56 14.92 18.37 1.00 2.12 1.00 1.00 1.00 1.00 1.00 1.00 1.00 1.00 1.00 1.00 1.00 7.35 1.00 1.00 1.00 4.47 1.00 1.00 1.00 0.00
0.00 0.00 0.01 2.56 2.56 nan 1.00 1.00 nan nan nan nan 0.00 0.00 0.00 0.00 0.01 nan nan nan nan nan nan 2.55 nan nan nan 2.55 0.00 0.01 0.00 0.00 0.00 1.00 2548.37 nan nan 2547.56 2546.75 40.74 0.00 0.00 0.00 0.03 2.55 nan nan nan 2.54 2.54 nan nan nan nan nan nan nan 2540.98 974.82 1346.84 25.16 5.43 1.34 7.58 9.43 3.79 41.20 1.00 1.00 1.00 1.00 1.00 1.00 1.00 1.00 1.00 1.00 5.76 1.00 1.00 1.00 5.66 6.64 1.00 1.00 1.00 0.00
0.00 0.00 0.02 2.56 2.56 nan nan nan nan nan nan nan 2.55 0.00 0.40 0.27 0.93 0.00 nan nan nan nan nan 2.55 2.55 nan nan 2.55 0.00 0.00 0.00 0.00 1.00 28.74 2548.37 nan nan 3.41 1.06 22.32 0.00 0.00 0.00 0.00 0.00 0.00 2.54 nan 2.54 2.54 nan nan nan nan nan nan nan 2540.98 2540.15 2443.70 28.42 20.69 2539.31 2538.47 34.45 17.64 6.30 12.94 28.60 1.00 1.00 1.00 1.00 1.00 1.00 1.00 1.00 1.00 1.00 1.00 1.00 7.64 12.51 1.00 1.00 1.00 1.00
0.00 0.01 2.56 0.01 2.56 2557.64 nan nan nan nan 0.00 0.00 2.56 0.00 2.56 0.65 0.01 0.00 0.00 nan nan nan 2.55 nan 0.00 nan nan 2.55 0.00 0.00 1.00 1.00 1.21 16.75 2549.01 nan nan 2548.20 1.00 1.00 4.25 7.16 0.00 0.00 0.00 0.00 nan nan nan nan nan nan nan nan nan nan nan nan 2540.76 2540.76 2540.76 2539.92 317.46 5.94 5.03 17.53 1.49 2538.24 2537.40 1.00 1.00 1.00 1.00 1.00 1.00 1.00 1.00 1.00 1.00 1.00 1.00 20.54 2.53 1.00 1.00 1.00 1.00
0.00 2.16 0.53 0.37 1.19 nan nan nan nan 2.31 0.00 0.00 0.02 0.04 0.05 0.02 0.00 0.00 0.24 nan nan 2.55 1.22 2.55 0.02 0.05 2.55 2551.42 1.00 1.00 1.00 1.00 1.00 1.00 1.00 169.04 nan 2548.20 1.00 1.00 2.23 3.28 1.00 1.00 0.00 0.00 nan nan nan 0.19 nan nan 2543.26 nan nan nan nan nan nan nan 2540.76 1.00 1.00 14.35 8.54 5.96 70.02 2538.24 1869.93 1.00 1.00 1.00 1.00 1.00 1.00 1.00 1.00 1.00 1.00 1.00 1.00 1.10 1.00 1.00 1.00 1.00 1.00
0.00 2.56 2.56 1.78 2558.39 nan nan 1.00 17.67 0.00 0.00 0.00 0.03 2.56 1.45 2.08 0.04 0.06 2553.79 nan nan nan nan nan nan nan 2551.42 2551.42 3.10 1.00 1.00 1.00 1.00 1.00 1.00 41.79 2548.20 304.48 44.62 1.66 1.00 1.27 1.00 1.00 0.00 2.54 nan nan nan 0.09 1544.05 nan nan nan nan nan nan nan 2540.76 nan nan 2539.92 1.00 1.00 16.54 1.66 1.00 1116.67 1.57 1.00 1.00 1.00 1.00 1.00 1.00 1.00 1.00 1.00 1.00 1.00 1.00 1.00 1.00 1.00 1.00 1.00 1.00
0.00 2.56 2.56 2.56 2558.39 2557.64 1.00 1.00 0.00 0.00 0.00 0.00 0.33 nan nan nan nan nan nan nan nan nan nan nan nan nan nan nan 2550.62 2550.62 72.62 1.00 1.00 1.00 1.00 1.00 2.27 25.16 2547.38 2547.38 3.41 1.00 1.00 1.00 0.00 2.54 1.83 2.54 nan nan nan nan nan nan nan nan nan nan 2540.76 2540.76 nan nan 2539.92 8.22 1.72 5.52 68.10 2538.24 3.53 1.00 1.00 1.00 1.00 1.00 1.00 1.00 1.00 1.00 1.00 1.00 1.00 1.00 1.00 1.00 1.00 1.00 1.00
