OUTPUT-RE/DISPLACEMENTS/Dist_20th_475years/Disp_20th__Earthquake475m-03_PGA=2.87__Ru=0.27_20.txt
ncols         654
nrows         1178
xllcorner     514480
yllcorner     4496780
cellsize      20
nodata_value  -9999.0
[rows 195 to 233 of 1178, columns 261 to 347 of 654]
nan 2.61 2.61 0.16 0.00 0.00 0.00 0.00 0.00 0.00 2.60 2.60 0.01 0.00 0.00 0.00 1.00 1.00 1.00 1.00 nan nan nan nan nan nan nan nan nan nan nan nan nan nan nan 2.60 0.00 2.37 2.60 nan 2.60 2.60 2.60 0.31 2.60 2.60 2.60 1.02 0.01 0.00 0.00 0.01 0.00 0.00 0.00 0.00 0.00 0.00 0.00 0.00 0.02 0.07 0.00 0.00 1.00 26.37 2590.64 2590.64 nan 19.10 1.00 2589.18 nan nan nan nan 2587.68 0.00 0.00 0.02 nan nan nan 2.59 nan nan nan
nan nan 2.61 0.04 0.00 0.00 0.00 0.00 0.00 2.60 2.60 2.60 2.60 0.01 0.00 0.00 0.00 1.00 1.00 61.76 nan nan nan nan nan nan nan nan nan nan nan nan nan nan nan 2.60 0.00 0.01 2.60 2.60 nan 2.60 0.02 2.60 2.60 2.60 2.60 2.60 0.08 0.00 0.00 0.00 0.00 0.00 0.00 0.00 2.41 99.25 12.73 2450.75 2592.76 2592.06 2592.06 2591.35 2591.35 23.25 2469.69 2590.64 2590.64 2589.91 1.00 1.00 210.42 2589.18 2588.43 2588.43 2587.68 2587.68 1.86 2.59 2.59 2.59 2.59 1.80 nan nan nan
nan nan 2.61 0.00 0.00 0.00 0.00 0.00 0.01 2.60 2.60 2.60 2.60 2.60 0.02 0.06 0.05 0.00 2.02 nan nan nan nan nan nan 2601.04 nan nan nan nan nan nan nan nan nan 2.60 0.14 0.00 0.01 2.60 2.60 2.60 0.00 0.27 2.60 2.60 2.60 0.00 0.00 0.00 0.00 0.00 0.02 0.00 2594.14 2594.14 2593.46 1326.60 11.71 312.09 2592.76 2592.06 2592.06 2591.35 2591.35 41.89 12.48 2590.64 2590.64 2589.91 2.77 1.00 23.59 2589.18 2588.43 2588.43 2587.68 2587.68 2587.68 0.01 0.00 0.00 0.00 0.00 2.59 nan nan
nan 2.61 0.00 0.00 0.00 0.00 0.00 0.00 0.01 0.08 2.61 2.61 2.61 0.48 2.50 2.60 2.60 2.60 2.60 1.22 0.25 2603.45 2603.45 nan 2602.89 2235.82 nan nan nan nan nan nan nan nan nan nan 2.20 0.31 0.10 2.60 2.60 0.03 0.00 0.01 0.00 0.02 0.00 0.00 0.01 2.60 2.60 nan nan nan nan 2595.42 2594.74 1614.96 12.51 62.79 2594.05 2593.35 2593.35 2592.64 2592.64 656.44 1.73 10.33 nan nan 2591.20 10.72 2590.46 2590.46 2589.72 2589.72 2588.97 115.73 6.22 14.12 0.00 0.00 0.00 0.01 2.59 nan nan
2.61 0.00 0.00 0.00 0.00 0.00 0.00 0.05 2.61 0.23 2.61 2.61 0.05 0.01 2.61 2.60 2.60 2.60 0.94 0.54 0.02 0.00 21.66 21.94 2602.89 nan nan nan nan nan nan nan nan nan nan nan nan nan 2.60 2.60 2.60 0.00 0.00 0.00 0.00 0.00 0.00 1.93 2.60 2.60 2.60 nan nan nan nan 2595.42 2594.74 2594.74 4.86 12.21 2594.05 2428.44 2593.35 2592.64 2592.64 2592.64 32.45 nan nan nan nan 2590.46 2590.46 2590.46 2589.72 2589.72 2588.97 108.72 14.85 33.72 0.01 0.01 0.00 0.00 2.59 2.59 nan
0.00 0.00 0.00 0.00 0.00 0.00 0.00 0.25 2.61 2.61 2.61 2.61 0.04 0.01 2.61 2.60 2.60 2.60 2.60 2.60 2.25 0.02 0.00 1.00 1.00 2602.32 nan nan nan nan nan nan nan nan nan nan nan nan nan 0.11 0.07 0.00 0.00 0.00 0.00 0.00 0.00 0.01 2.60 nan nan nan nan 2595.42 2595.42 166.67 2594.74 2594.74 1.02 3.28 17.28 2593.35 nan nan 2592.64 2592.64 2591.92 nan nan nan 2591.20 2590.46 2590.46 2590.46 2589.72 2589.72 70.57 13.20 1.19 216.86 1927.61 0.03 0.00 0.00 0.00 2.59 nan
0.00 0.00 0.00 0.00 0.00 0.00 0.00 1.62 2.61 2.61 2.61 2.61 2.61 2.61 2.61 2.60 2.60 2.60 2.60 0.02 2.60 2.60 0.00 0.00 1.00 2602.32 nan nan nan nan nan nan nan nan nan nan nan nan 0.37 0.02 0.05 0.00 0.00 0.00 0.00 0.00 0.00 0.00 2596.76 nan nan 2596.09 nan 2595.42 1.00 18.29 nan nan 2.51 1.00 1.00 2593.35 2593.35 2592.64 nan nan nan 2591.92 2591.92 nan 2591.20 2590.46 21.29 176.32 620.76 40.90 3.91 3.82 1.00 1.20 1956.22 1.00 0.00 0.00 0.00 0.01 nan
0.00 0.00 0.00 0.00 0.00 0.00 0.00 2.61 2.61 2.61 2.61 2.61 2.61 2.61 2.61 2.61 2.61 2.61 2.61 2.61 nan nan nan nan nan nan nan nan nan nan nan nan nan nan nan nan nan nan 0.03 0.00 0.00 0.00 0.00 0.00 0.00 0.00 0.00 5.92 189.47 2598.06 29.48 1.00 2597.39 nan 1.00 nan nan 2596.04 2595.35 3.27 2.29 2594.65 2594.65 2593.94 nan nan nan 2593.22 2593.22 nan 2592.50 1.83 1.00 3.38 2.55 1.00 6.65 5.38 1.00 7.08 2589.52 5.91 2588.75 0.69 2.59 nan nan
1.00 0.00 0.00 0.00 0.00 0.14 2.61 0.04 0.10 2.61 2.61 2.61 nan nan 2.61 2.61 1.26 nan nan nan nan nan nan nan nan 2.60 nan nan nan nan nan nan nan nan nan nan nan nan 0.01 0.00 0.01 0.00 0.00 0.00 0.00 0.00 1.00 2.58 2598.06 328.45 1.00 1.00 8.21 921.55 596.10 nan 2596.04 2596.04 nan nan 2595.35 2594.65 nan 2593.94 nan nan nan 2593.22 2593.22 nan 7.75 1.00 1.41 1.00 1.00 1.00 1.00 1.00 1.00 107.45 2589.52 nan nan nan nan nan 2.59
1.00 0.00 0.00 2.61 2.61 2.61 0.01 0.04 0.00 0.03 2.61 2.61 nan nan nan 2.61 nan nan nan nan nan 0.10 0.02 2.60 nan nan nan nan nan nan nan nan nan nan nan nan nan nan nan 2.60 2.60 2.60 0.01 0.00 0.00 0.01 701.55 2598.71 1.00 1.00 1.00 1.00 1.00 5.75 nan nan nan nan nan nan nan 2594.65 nan nan 2593.94 nan nan nan nan nan 1.71 421.10 6.65 1.00 1.00 2.60 1.00 1.00 1.00 9.79 nan nan nan nan nan nan 2.59
0.00 0.10 nan nan nan 2.61 0.01 0.00 0.08 0.02 0.02 nan nan 2.61 2.61 nan nan nan nan nan 0.02 2.60 0.03 nan nan nan nan nan nan nan nan nan nan nan nan nan 2.60 nan nan nan nan 2.60 0.00 0.00 0.00 0.40 2598.71 2598.71 2.95 1.00 1.00 2597.39 1.00 25.43 nan nan nan nan nan nan nan 2594.65 2594.65 2593.94 1.00 1.00 1.00 nan nan nan 2592.50 488.68 12.04 1.00 1.00 2.48 334.28 1.00 1.00 1.00 nan nan nan nan 30.52 0.11 2.59
0.00 nan nan nan nan 2.61 0.00 0.11 0.02 0.43 nan nan nan nan nan nan nan nan 2.61 0.01 2.60 2.60 2.60 2.60 nan nan nan nan nan nan nan nan nan nan nan nan nan 2.60 nan nan nan 2.60 0.00 0.01 0.03 1.19 2598.71 11.08 2.11 1.00 512.98 2597.39 2271.52 10.02 nan nan nan nan nan nan 2595.35 2594.65 4.28 1.00 1.00 1.00 2593.22 2593.22 nan 5.38 2592.50 2591.77 210.91 2.60 1.00 2586.72 2590.27 2590.27 1.00 1.00 nan nan nan nan 1.00 1.00 0.53
nan nan nan 2.61 2.61 2.61 0.00 2.61 0.04 2.61 nan 2.61 2.61 nan nan nan nan nan 0.00 0.13 2.61 2.61 0.02 nan nan nan 2.60 nan nan nan nan nan nan nan 2.60 2.60 nan 2.60 2.60 nan nan 0.06 0.00 0.00 2.60 0.05 12.54 1.00 1.00 46.28 nan nan 2598.71 2598.04 nan nan 67.53 2597.36 nan nan nan nan 2595.97 23.45 23.04 nan nan 2594.55 2594.55 1.00 2593.82 2593.09 2593.09 14.72 44.89 2592.35 nan nan nan 2590.84 nan nan nan nan 1.00 1.00 1.00
nan nan nan 0.00 0.00 2.61 0.03 2.61 2.51 2.61 2.61 2.61 2.61 2.61 nan nan nan 2.61 0.01 0.00 0.00 0.21 2.61 2.61 2.61 2.60 0.00 nan nan nan 2.60 2.60 nan 2.60 0.00 0.00 0.00 2.60 2.60 nan nan 0.01 0.00 1.46 2.60 2.60 64.19 120.07 2599.38 nan 2599.38 7.04 1423.39 2598.04 nan 2598.04 1.00 1.00 10.48 2596.67 nan nan nan nan nan nan 102.95 2594.55 2594.55 2593.82 2593.82 56.58 19.36 1901.07 2592.35 nan nan nan nan nan nan nan nan nan 1.00 1.00 1.00
nan nan 2.61 0.00 0.01 2.61 2.61 0.00 0.00 0.00 0.01 0.00 0.00 0.19 2.61 nan nan nan 2.61 0.07 2.61 nan nan 2.61 0.00 0.00 0.00 0.01 nan nan nan nan nan nan 0.00 0.00 0.00 0.00 0.00 0.02 nan 0.02 0.00 0.00 2.60 2.60 nan 51.67 14.26 2599.38 37.52 6.30 2598.71 1.38 2598.04 2598.04 2597.36 6.24 1.00 2596.67 nan nan nan nan nan 93.89 2594.55 2594.55 2594.55 2593.82 2593.82 1.00 7.27 1559.00 2592.35 nan nan nan nan 2590.84 2590.84 nan nan 2590.08 1.00 1.00 1.00
nan nan nan nan nan nan 2.61 0.00 0.00 0.00 0.00 0.01 0.01 0.00 0.04 nan nan nan nan 2.61 2.61 nan nan nan 2.61 0.00 2.60 2.60 2.60 2.60 2.60 nan nan nan 2.60 2.60 2.60 0.03 0.00 2.60 2.60 0.00 0.00 0.00 0.09 2.60 nan nan 1.00 1.00 nan nan nan nan nan nan 914.47 768.37 696.67 2596.67 nan nan nan nan nan nan nan nan 2594.55 2593.82 2593.82 46.87 71.84 3.82 9.96 59.86 2591.60 nan nan 2590.84 2590.84 nan 2590.08 1.00 1.00 1.00 1.00
2.61 2.61 nan nan nan 0.11 2.61 0.05 0.00 0.00 0.00 0.00 0.00 0.00 0.22 nan nan 2.61 2.61 2.61 2.61 2.61 nan nan nan 0.00 0.01 2.60 2.60 2.60 2.60 nan nan 2.60 2.60 2.60 2.60 2.60 2.60 0.00 0.00 2.60 0.00 0.00 0.00 2.59 nan nan nan 207.93 2599.38 nan nan 2598.04 2598.04 40.87 6.90 312.73 2596.67 2596.67 2596.67 nan nan nan nan nan nan nan 47.90 2593.82 2593.82 2593.09 24.17 1.00 1.00 1.07 1.00 2591.60 nan 2590.84 2590.84 2590.08 9.74 1.00 1.00 1.00 1.00
nan 2.61 nan nan 2.45 2.61 0.15 0.01 0.00 0.00 0.00 0.00 0.00 0.00 0.01 2.61 2.61 2.61 2.61 2.61 0.00 2.61 nan nan nan 2.61 0.03 2.61 2.61 nan nan 2.61 2.61 2.60 2.60 2.60 2.60 2.60 2.60 2.60 0.08 2.60 0.02 0.00 0.00 2.60 2.60 nan nan nan nan nan nan 1171.25 1.00 1.00 1.00 2.59 134.03 2598.01 2598.01 20.78 2597.31 2596.60 nan nan nan 18.26 3.51 2595.17 2595.17 759.85 5.71 1.00 1.00 1.25 1.00 4.97 2592.95 2592.19 2592.19 104.51 1.00 1.00 1.00 1.00 1.00
nan nan nan nan 0.00 0.18 0.09 0.01 0.01 0.00 0.00 0.00 0.00 0.00 0.01 0.09 2.61 2.61 2.61 0.02 0.02 2.61 2.61 nan 2.61 2.61 2.61 2.61 2.61 2.61 nan 2.61 2.61 2.60 2.60 2.60 nan 2.60 2.60 2.60 0.04 0.03 0.69 0.00 0.00 2.60 2.60 2.60 2600.71 2600.71 nan nan nan 866.85 1.00 2599.38 2327.51 412.57 2598.01 2598.01 2598.01 33.97 3.02 184.06 2596.60 nan 2595.89 10.70 36.49 2595.17 2595.17 140.14 3.36 1.00 1.00 1.31 1.12 3.73 68.05 2592.19 72.37 1.00 1.00 1.00 1.00 1.00 1.00
nan nan nan nan 2.61 0.00 0.00 0.01 0.02 0.00 0.00 0.00 0.00 0.00 0.02 0.34 2.61 2.61 2.61 2.61 2.61 0.03 2.61 nan 2.61 0.01 0.09 2.61 nan 2.61 2.61 2.61 2.61 2.60 2.60 2.60 2.60 2.60 2.60 2.60 1.88 2.32 2.60 0.00 0.00 1.89 2.13 0.02 0.01 0.01 nan nan nan nan nan 2599.38 nan nan nan nan 2598.01 780.30 1.00 3.49 2326.87 2596.60 2595.89 290.57 2595.89 nan 1945.60 82.66 3.50 1.00 1.00 1.48 8.11 67.02 2468.63 143.17 33.14 1.00 1.00 1.00 2.00 1.00 1.00
nan nan nan nan nan 0.00 0.01 1.15 0.00 0.00 0.00 0.00 0.00 0.00 0.00 2.61 2.61 2.61 2.61 2.61 2.61 2.61 2.61 nan 2.61 2.61 2.61 2.61 2.61 2.61 2.61 2.55 0.01 2.60 2.60 1.73 0.01 0.01 0.51 2.60 2.60 1.26 0.02 0.82 2.60 2.60 0.42 0.00 0.00 0.01 0.00 0.01 nan nan nan nan nan nan nan nan 2598.01 1.03 1.00 1.00 3.30 2596.60 2595.89 2595.89 2595.89 2595.17 2.20 6.63 2.87 1.00 1.00 1.00 14.05 2592.95 2592.95 108.07 20.93 2.50 1.00 1.50 6.81 1.00 1.00
nan nan nan nan nan nan 0.00 0.00 0.00 0.00 2.61 2.61 0.00 0.00 0.03 0.03 0.01 2.61 2.61 2.61 2.61 2.61 2.61 nan 2.61 2.61 2.61 0.00 0.01 2.61 2.61 2.61 2.61 2.61 0.07 0.02 0.01 0.02 0.96 2.60 0.13 0.00 0.00 2.60 nan nan 2.60 0.00 0.00 0.00 0.00 0.00 0.00 2.60 nan nan nan nan nan nan nan 2598.67 6.50 1.00 37.42 2251.80 nan 2597.25 2597.25 1.00 3.28 9.58 1.00 1.00 1.00 1.77 34.03 2594.31 29.95 38.83 5.55 1.28 1.00 1.65 6.41 1.00 1.00
nan nan nan nan nan nan 2.61 0.00 0.89 0.43 2.61 2.61 0.01 0.01 2.61 0.36 0.80 2.61 2.61 2.61 2.61 2.61 2.61 2.61 2.61 nan 2.61 2.06 0.59 2.61 2.61 2.61 2.61 2.61 2.61 0.37 0.01 0.03 2.60 2.60 0.00 0.00 0.04 2.60 2.60 nan 2.60 0.00 0.00 0.00 0.00 0.00 0.00 0.00 2.60 nan nan nan nan nan nan nan 2598.67 nan 2597.97 nan nan nan 2597.25 2.62 2596.53 2595.80 1.00 1.00 1.00 1.03 2594.31 2594.31 2.10 3.35 2.58 1.18 1.00 1.17 6.01 1.00 1.00
nan 2.61 2.61 nan nan nan nan 0.00 2.61 2.61 nan 2.61 2.61 0.64 0.06 2.61 1.09 1.79 2.61 nan nan nan 2.61 2.61 nan 2.61 nan nan nan nan nan nan 2.61 2.61 2.61 2.61 2.61 2.61 0.00 0.00 0.00 0.20 2.60 2.43 nan 2.60 0.07 0.00 0.00 0.00 0.00 2.60 1.19 2.60 nan nan 2.60 nan nan nan nan nan nan nan nan nan 2597.25 nan 2597.25 1.74 nan nan 2595.80 20.91 5.42 1.00 2170.65 2594.31 1950.96 32.67 1.00 2.47 1.00 2.26 1.51 1.00 1.00
2.61 2.61 nan nan nan nan 2.61 0.02 2.61 nan nan nan 0.03 0.00 2.61 2.61 2.61 2.61 2.61 2.61 2.61 2.61 nan nan nan nan nan nan nan nan nan nan 0.04 2.61 2.61 0.03 2.61 0.01 0.00 0.00 0.00 2.60 nan nan nan nan 2.60 2.60 0.00 0.00 2.60 2.60 nan nan nan nan 0.00 0.00 nan nan nan nan nan nan nan nan nan 158.36 2597.25 31.24 nan nan nan 2595.80 2595.06 803.23 104.22 37.01 nan 2593.56 1.32 1.00 1.00 1.00 2592.02 2444.42 31.77
2.61 nan 2.61 nan nan nan nan 2.61 nan 2.61 nan nan 0.00 0.00 0.42 2.61 2.61 nan 2.61 1.33 2.61 2.61 nan nan nan nan nan nan nan nan nan nan nan nan nan nan 2.61 0.00 0.00 0.00 2.60 nan nan nan nan nan nan nan 0.00 2.60 2.60 nan nan nan nan 0.63 0.00 0.00 nan nan nan nan nan nan nan nan nan 2597.25 nan nan nan nan nan nan nan nan 44.92 25.21 2594.31 2593.56 401.97 1.00 1.00 2592.79 nan nan nan
0.00 2.61 nan nan nan nan nan 2.61 0.07 nan nan 2.61 0.00 0.00 0.02 2.61 nan nan 2.61 2.61 2.61 nan nan nan nan nan nan nan nan nan nan nan nan nan nan nan nan 2.61 0.00 nan nan nan nan nan nan nan nan nan 2.60 2.60 nan nan nan 2.60 nan 0.00 0.00 0.00 nan nan 2.60 2.60 nan nan nan nan nan nan nan nan 2597.91 nan nan nan nan nan 2595.70 2595.70 2595.70 33.30 94.50 1.00 1.00 nan nan nan nan
0.00 2.61 nan nan 2.61 nan nan 0.01 2.61 2.61 2.61 2.45 0.00 0.00 0.00 2.61 nan 2.61 2.61 2.61 0.20 2.61 nan nan nan 2.61 nan nan nan nan nan 2.61 2.61 2.61 nan nan nan nan 2.61 nan nan nan nan nan nan nan nan nan 2.60 1.17 nan nan 2.60 1.19 nan nan 2.60 2.60 nan 2.60 2.60 nan nan nan nan nan nan nan nan nan 2597.91 nan nan nan nan nan 2595.70 2595.70 2595.70 2594.94 2594.94 2594.18 2594.18 nan nan nan nan
0.00 nan nan nan 2.61 0.00 0.00 0.00 2.61 2.61 2.61 0.01 0.00 0.00 0.00 2.61 2.61 2.61 2.61 2.61 2.61 2.61 2.61 nan nan nan nan nan 2.61 nan nan nan 2.61 2.61 2.61 2.61 nan nan nan nan nan nan nan 2.60 2.60 nan nan nan 2.60 2.60 0.02 2.60 2.60 2.60 0.31 nan nan nan 2.60 2.60 nan nan nan 2.60 nan nan nan nan 0.00 0.07 nan nan nan nan nan nan nan nan nan nan 2594.94 nan nan nan nan nan nan
0.03 nan nan 2.61 0.00 0.00 0.00 0.00 0.00 0.00 0.00 0.05 0.00 0.00 0.16 2.61 2.61 2.61 2.61 nan nan 2.61 0.04 0.92 nan nan nan nan nan nan nan nan nan 2.38 0.00 0.01 2.61 nan nan 2.61 nan 2.61 2.61 2.60 nan nan nan nan nan 2.60 0.00 2.60 0.02 2.60 nan nan nan nan 2.60 2.60 nan nan nan nan nan nan nan nan nan 2.60 nan nan nan nan nan nan 375.26 2595.70 nan 2594.94 2594.94 2594.18 nan nan nan 3.45 1.00
0.00 nan nan 2.62 0.00 0.00 0.00 0.00 0.00 2.61 2.61 2.61 0.00 0.00 0.04 2.61 2.61 1.26 0.02 2.61 2.61 2.61 2.61 2.61 nan nan nan nan nan nan 2.61 2.61 2.61 nan 0.04 2.61 2.61 0.02 2.61 nan nan 2.61 2.61 nan 2.61 nan nan nan nan 0.03 2.60 nan nan nan nan 2.60 0.00 2.60 0.01 2.60 nan nan nan nan nan nan nan nan nan nan nan nan nan nan nan 2597.84 2597.10 2597.10 256.47 3.14 3.54 2595.59 nan nan 2594.82 1.00 1.00
0.01 nan nan 0.01 0.00 0.00 0.55 2.61 2.61 2.61 2.61 2.61 0.01 0.01 0.80 2.01 0.52 0.00 0.00 0.00 2.61 2.61 2.61 2.61 nan nan nan nan nan 2.61 2.34 2.61 2.61 0.73 2.61 2.61 2.61 0.02 2.61 2.61 nan 2.61 2.61 2.61 0.00 2.61 nan nan nan 2.60 nan nan 2.60 nan nan 0.00 0.00 0.00 0.00 2.60 nan nan nan nan nan nan nan nan nan nan nan 14.84 2598.58 nan nan nan nan 17.83 1.00 1.00 5.56 2595.59 nan nan 2594.82 1.00 1.00
0.18 nan nan nan 2.62 2.61 2.61 2.61 2.61 2.61 2.61 2.61 0.36 0.79 2.61 2.61 0.94 0.01 0.00 0.00 0.00 nan nan 2.61 nan nan nan nan nan nan nan 2.61 2.61 2.61 2.61 2.61 2.61 2.61 2.61 2.61 2.61 2.61 2.61 0.01 0.00 2.61 nan nan nan nan nan 2.60 nan 2.60 2.60 0.04 0.00 0.01 0.00 2.60 nan nan nan nan nan nan nan nan nan nan nan 1.00 26.89 nan nan nan nan 11.32 1.00 1.00 1.81 nan 2595.59 9.45 12.07 1.00 1.00
0.02 nan nan nan nan 2.61 2.61 nan 2.61 2.61 2.61 2.61 0.00 2.61 2.61 2.61 2.61 0.01 0.00 0.00 0.07 nan nan nan nan nan 2.61 nan nan nan nan 2.61 0.10 2.61 2.61 2.61 2.61 2.61 nan 2.61 2.61 2.61 2.61 0.02 0.00 2.61 2.61 2.61 nan 2.60 nan nan nan nan 2.60 nan 2.60 2.60 0.01 nan nan nan nan nan nan nan nan nan nan nan 1.00 1.00 1.00 nan nan nan nan nan 679.13 1.00 3.69 646.10 1.00 1.00 1.32 1.00 1.00
0.00 2.62 nan nan 2.62 2.61 nan nan nan 2.61 2.61 0.13 0.00 0.00 2.61 2.61 0.02 0.00 0.00 0.00 nan nan nan nan nan 2.61 2.61 nan nan nan nan nan 2.61 2.61 2.61 2.61 0.03 2.61 0.20 0.00 2.61 nan 2.61 0.21 0.01 2.61 2.61 2.61 2.60 0.00 2.60 nan nan 2.60 nan nan nan nan nan nan 2.60 2.60 nan nan nan nan nan nan nan 2599.31 1.00 1.00 229.81 nan nan nan nan nan nan nan 2596.35 130.80 1.00 1.00 1.00 1.00 1.00
0.00 0.00 2.62 2.62 2.62 2.62 2.62 2.62 2.62 0.16 0.01 0.00 0.00 0.00 0.08 0.36 0.03 0.02 0.02 2.61 nan nan nan 2.61 2.61 2.61 2.61 nan nan nan nan nan nan nan nan nan 2.61 0.01 1.83 0.00 2.61 2.61 2.61 2.61 0.14 2.61 2.61 2.61 nan 0.02 nan nan nan 2.60 nan nan nan nan nan 2.60 2.60 2.60 nan nan nan nan nan nan nan 19.02 1.00 1.00 2600.00 2600.00 nan nan nan nan nan nan nan 381.72 1.00 1.00 1.00 1.00 1.00
0.00 0.00 0.00 0.00 2.62 2.62 0.00 0.00 0.00 0.00 0.00 0.00 0.00 0.00 0.01 0.10 1.91 0.03 0.02 2.61 nan nan nan nan 2.61 2.61 2.61 nan nan nan nan nan nan nan nan nan nan 2.61 2.61 2.04 2.61 2.61 2.61 2.61 2.61 2.61 2.61 2.61 nan 2.61 nan nan nan nan nan nan 2.60 2.60 nan 2.60 2.60 2.60 nan nan nan nan nan nan nan 2600.72 1.00 1.37 2600.00 nan nan nan nan nan nan nan 2597.77 2597.01 3.02 1.00 1.00 1.00 1.00
0.00 0.00 0.00 0.00 0.00 0.00 0.00 0.00 0.00 0.00 0.00 0.00 0.00 0.00 0.01 0.11 0.31 0.02 0.01 2.61 nan nan nan nan nan 2.61 nan nan nan nan nan nan nan nan nan nan nan 2.61 2.61 2.61 2.61 nan 2.61 2.61 1.97 2.61 2.61 nan 2.61 2.61 nan nan nan nan nan nan 0.12 0.00 2.60 0.00 0.03 2.60 nan 2.60 nan nan nan nan nan nan 2600.72 3.00 2600.00 2600.00 2599.26 2599.26 nan nan nan nan 2597.77 2597.01 27.06 1.00 1.00 1.00 1.00
0.00 0.00 0.00 0.00 0.00 0.00 0.00 0.00 0.00 0.00 0.00 0.00 0.00 0.00 0.02 0.01 0.00 0.01 0.01 0.06 2.61 0.79 nan nan nan 2.61 0.00 0.01 nan nan nan nan nan nan nan nan nan nan 2.61 2.61 2.61 nan 2.61 0.00 0.00 0.00 2.61 nan 2.61 2.61 nan nan 2.61 nan nan nan 0.06 2.60 1.33 0.00 0.10 2.60 2.60 2.60 2.60 nan nan nan nan nan nan 34.42 2600.00 2600.00 2599.26 2599.26 2598.52 21.40 nan 2597.77 nan nan 12.00 1.00 1.00 1.00 1.00
