OUTPUT-RE/DISPLACEMENTS/Dist_20th_475years/Disp_20th__Earthquake475m-06_PGA=3.91__Ru=0.27_20.txt
ncols         654
nrows         1178
xllcorner     514480
yllcorner     4496780
cellsize      20
nodata_value  -9999.0
[rows 0 to 37 of 1178, columns 87 to 173 of 654]
1.02 0.04 0.02 1.02 1.02 0.00 nan 1.02 0.01 1.02 0.66 1.02 0.00 0.00 1.02 nan 0.04 0.00 0.00 0.00 0.00 0.00 0.00 0.00 0.00 0.00 0.00 0.00 0.02 1.02 1.02 1.02 nan 1.02 0.00 0.23 1.02 0.21 0.00 1.02 1.02 0.00 0.01 0.00 0.00 0.00 0.00 nan nan nan 0.00 1.02 1.02 nan 0.00 0.01 0.00 0.00 0.00 0.00 0.00 0.01 0.00 1.02 nan nan nan nan nan nan nan 1.02 1.02 0.00 0.02 1.02 1.02 1.02 0.12 1.02 1.02 1.02 nan 1.02 1.02 nan 1.02
0.02 1.02 0.88 0.23 0.33 1.02 1.02 0.00 0.00 1.02 1.02 0.03 0.00 0.00 0.00 1.02 1.02 0.01 0.00 0.00 0.00 0.00 0.00 0.00 0.00 0.00 0.00 0.01 1.02 1.02 nan 1.02 1.02 0.75 0.09 0.02 0.01 1.02 0.00 1.02 0.01 0.00 0.00 0.00 0.00 0.00 0.00 nan nan nan 1.02 1.02 nan nan nan 0.01 0.00 0.00 0.00 0.00 0.00 0.00 0.00 1.02 nan nan nan nan nan nan nan 0.02 0.00 1.02 1.02 1.02 1.02 1.02 0.72 0.04 1.02 1.02 1.02 0.00 0.00 nan nan
0.01 1.02 1.02 1.02 0.07 0.04 0.00 0.00 0.00 0.01 0.35 0.00 0.00 0.00 0.00 0.01 1.02 0.02 0.00 0.00 0.00 0.00 0.00 0.00 0.00 0.00 0.00 0.03 1.02 nan 1.02 0.97 1.02 0.02 0.01 0.00 0.00 0.03 0.00 0.00 0.00 0.00 0.00 0.00 0.00 0.00 0.01 1.02 1.02 1.02 1.02 0.01 1.02 nan nan nan nan 0.22 0.00 0.00 0.00 0.00 0.01 1.02 1.02 nan nan nan nan nan 1.02 0.00 0.00 1.02 1.02 0.07 0.02 0.55 1.02 nan nan 1.02 1.02 0.00 0.00 1.02 nan
1.02 1.02 1.02 1.02 1.02 0.00 0.01 0.00 0.00 0.00 0.02 0.00 0.00 0.00 0.00 0.00 nan 0.00 0.00 0.00 0.00 0.00 0.00 0.00 0.00 0.00 0.01 1.02 nan 1.02 0.00 0.00 0.01 0.00 0.00 0.00 0.00 0.00 0.00 0.00 0.00 0.00 0.00 0.01 1.00 1.02 1.02 0.00 0.02 1.02 0.01 0.00 0.00 0.02 nan nan nan nan 1.02 0.00 0.00 0.00 0.01 0.28 nan nan nan 1.02 1.02 1.02 0.00 0.00 0.00 0.45 0.04 0.01 0.01 1.02 1.02 nan 1.02 1.02 1.02 0.00 0.02 nan nan
0.07 1.02 1.02 1.02 0.28 0.01 0.00 0.00 0.00 0.00 0.02 0.00 0.00 0.00 0.00 0.02 1.02 0.05 0.01 0.00 0.00 0.00 0.00 0.00 0.00 0.00 1.02 nan nan 0.02 0.00 0.05 0.00 0.01 0.00 0.00 0.00 0.00 0.00 0.00 0.01 0.01 0.00 0.00 0.03 1.02 1.02 0.07 0.00 0.00 0.00 0.00 0.00 0.00 0.00 nan nan nan nan 1.02 0.73 1.02 0.74 1.02 1.02 nan nan 0.01 0.03 0.03 0.00 0.01 1.02 1.02 0.01 0.10 1.02 1.02 1.02 1.02 1.02 1.02 1.02 0.00 nan nan nan
0.02 1.02 1.02 0.12 0.00 0.00 0.00 0.00 0.00 0.00 0.00 0.00 0.00 0.00 0.00 0.04 1.02 1.02 0.09 0.03 0.04 0.00 0.00 0.00 0.00 1.02 1.02 1.02 0.02 0.07 1.02 1.02 0.00 0.00 0.01 0.00 0.00 0.00 0.00 0.00 0.04 1.02 0.00 0.00 0.01 0.11 1.02 1.02 0.00 0.00 0.00 0.00 0.00 0.00 0.00 0.00 nan nan nan nan 1.02 nan nan 0.71 0.00 1.02 1.02 1.02 0.05 0.08 0.00 0.01 0.50 1.02 1.02 1.02 0.99 1.02 1.02 1.02 1.02 0.02 0.00 1.02 nan nan nan
1.02 1.02 0.01 0.00 0.00 0.00 0.00 0.00 0.00 0.00 0.00 0.00 0.00 0.00 0.00 0.08 1.02 1.02 1.02 1.02 0.00 0.00 0.00 0.07 1.02 1.02 1.02 1.02 1.02 1.02 1.02 1.02 1.02 0.08 0.00 0.00 0.00 0.00 0.00 0.03 1.02 1.02 0.14 0.01 0.00 0.03 1.02 1.02 0.00 0.00 0.00 0.00 0.00 0.00 0.00 0.00 1.02 nan nan nan nan nan nan 1.02 0.01 0.08 0.39 0.77 0.04 0.03 0.01 1.02 1.02 nan nan nan nan 1.02 0.00 0.00 0.00 0.00 0.00 1.02 nan nan 1.02
0.07 0.00 0.00 0.00 0.00 0.00 0.00 0.00 0.00 0.00 0.00 0.00 0.00 0.00 0.00 0.10 1.02 1.02 1.02 1.02 0.00 0.00 0.00 0.01 1.02 1.02 1.02 1.02 1.02 1.02 1.02 1.02 1.02 1.02 0.08 0.00 0.03 0.02 1.02 1.02 1.02 1.02 1.02 0.01 0.00 0.01 0.00 0.00 0.00 0.00 0.00 0.00 0.00 0.00 0.00 0.00 0.00 1.02 nan nan nan nan nan nan 1.02 0.07 1.02 0.00 0.00 0.20 1.02 1.02 1.02 nan nan nan nan nan 0.00 0.00 0.00 0.00 0.00 0.07 1.02 1.02 1.02
0.00 0.00 0.00 0.00 0.00 0.00 0.00 0.00 0.00 0.00 0.00 0.00 0.00 0.00 0.00 0.18 1.02 nan nan nan 1.02 1.02 1.02 0.00 0.00 0.00 0.25 1.02 1.02 0.00 0.00 0.14 1.02 0.49 0.00 0.00 0.01 0.01 0.11 0.02 1.02 1.02 1.02 0.01 0.25 0.00 0.00 0.00 0.13 1.02 1.02 0.04 0.02 0.00 0.00 0.00 0.00 0.00 nan nan nan nan nan nan nan nan nan 1.02 0.01 0.00 1.02 1.02 1.02 1.02 nan nan nan nan nan 0.01 0.06 0.02 0.00 0.00 0.00 1.02 nan
0.00 0.00 0.00 0.00 0.00 0.00 0.00 0.00 0.00 0.00 0.00 0.00 0.00 0.00 0.00 0.00 0.00 1.02 1.02 1.02 1.02 1.02 1.02 1.02 0.04 0.01 0.04 0.01 0.00 0.00 0.00 0.00 0.00 0.12 0.15 0.00 0.00 0.00 0.00 0.01 1.02 1.02 1.02 1.02 1.02 1.02 0.00 0.00 1.02 1.02 1.02 1.02 nan 1.02 1.02 1.02 0.14 0.00 0.00 0.00 nan nan nan nan nan nan 1.02 nan nan 0.00 0.00 1.02 1.02 nan nan 1.02 nan nan nan 1.02 0.00 0.00 0.00 0.00 0.01 nan nan
0.00 0.00 0.00 0.00 0.00 0.00 0.00 0.00 0.00 0.00 0.00 0.00 0.00 0.00 0.00 0.00 0.00 0.88 1.02 1.02 1.02 1.02 1.02 1.02 1.02 1.02 0.99 0.00 0.00 0.03 0.01 0.01 0.01 0.01 0.01 0.01 0.00 0.00 0.00 0.00 1.02 1.02 0.08 1.02 1.02 1.02 1.02 1.02 1.02 1.02 1.02 1.02 1.02 nan nan nan 1.02 1.02 1.02 nan 1.02 1.02 1.02 nan nan nan nan nan nan 1.02 0.00 0.00 1.02 nan nan 1.02 nan nan nan 1.02 0.00 0.00 0.00 0.00 1.02 nan nan
0.00 0.00 0.00 0.00 0.00 0.00 0.00 0.00 0.00 0.00 0.00 0.00 0.00 0.00 0.00 0.00 0.09 1.02 0.06 0.27 1.02 0.07 0.01 1.02 1.02 1.02 1.02 0.01 0.00 0.01 0.06 0.14 0.66 0.17 0.00 0.00 0.00 0.00 0.00 0.00 0.15 1.02 1.02 1.02 1.02 1.02 nan nan 1.02 1.02 1.02 nan 1.02 nan nan nan nan nan nan nan 1.02 0.37 0.85 nan nan nan nan nan nan nan 0.00 0.00 1.02 1.02 1.02 1.02 nan nan nan nan 1.02 0.00 0.00 0.02 nan nan nan
0.00 0.00 0.00 0.00 0.00 0.00 0.00 0.00 0.00 0.00 0.00 0.00 0.00 0.00 0.00 0.20 0.18 0.01 0.00 0.00 0.00 0.00 0.01 1.02 1.02 1.02 1.02 1.02 0.71 0.01 0.15 1.02 0.04 0.01 1.02 0.00 0.00 0.00 0.03 0.22 0.82 0.48 1.02 nan nan 1.02 nan nan 1.02 1.02 nan nan nan nan nan nan nan nan nan nan nan 1.02 1.02 1.02 nan nan nan nan nan nan 1.02 0.00 0.00 1.02 nan nan nan nan nan nan nan 1.02 0.00 nan nan nan nan
0.00 0.00 0.00 0.00 0.00 0.00 0.00 0.00 0.01 0.01 0.00 0.00 0.00 0.00 0.00 0.01 1.02 0.16 0.06 0.04 0.00 0.01 1.02 0.19 0.01 0.01 0.01 0.01 0.20 1.02 0.15 0.02 0.01 0.00 0.01 0.16 0.00 0.00 0.02 1.02 1.02 1.02 1.02 nan nan nan 1.02 1.02 1.02 nan nan nan nan nan nan nan nan nan nan nan nan nan nan nan 1.02 1.02 1.02 nan nan nan 1.02 0.00 0.00 1.02 1.02 1.02 nan nan nan nan 1.02 nan 1.02 nan nan nan 1.02
0.00 0.00 0.00 0.00 0.00 0.00 0.00 0.00 1.02 1.02 0.01 0.01 0.01 0.01 0.00 0.01 0.64 1.02 0.03 0.05 0.00 1.02 1.02 0.00 0.00 0.00 0.00 0.01 0.02 0.01 0.00 0.00 0.00 0.00 0.00 0.00 0.00 0.00 0.06 1.02 1.02 1.02 1.02 1.02 nan nan 1.02 0.01 1.02 nan nan nan nan nan nan nan nan nan nan nan nan nan nan 1.02 1.02 1.01 0.44 1.02 nan nan 1.02 0.01 0.00 0.00 1.02 nan 1.02 nan nan nan nan nan 1.02 nan nan 1.02 0.29
0.00 0.00 0.00 0.00 0.00 0.00 0.00 1.02 1.02 nan 0.16 0.61 0.01 0.01 0.00 0.00 0.00 0.11 0.01 0.81 0.09 1.02 0.46 0.00 0.00 0.00 0.00 0.00 0.01 0.00 0.00 0.00 0.00 0.00 0.00 0.00 0.00 0.00 1.02 1.02 1.02 nan nan nan nan nan 1.02 0.00 0.00 1.02 nan 1.02 0.00 0.00 0.00 1.02 nan nan nan nan nan nan nan nan 1.02 1.02 1.02 1.02 1.02 nan nan 0.01 0.00 0.00 0.00 nan nan nan 1.02 1.02 1.02 1.02 1.02 1.02 nan nan 0.02
0.00 0.00 0.00 0.00 0.00 0.00 0.42 nan nan 1024.43 1024.42 0.31 0.00 0.01 0.00 0.00 0.00 0.00 0.01 0.01 0.00 0.01 0.30 0.00 0.00 0.00 0.00 0.00 0.00 0.00 0.00 0.00 0.00 0.00 0.00 0.00 0.00 0.00 0.00 1.02 nan nan nan nan nan nan 0.89 0.00 0.01 0.03 0.00 0.10 0.00 0.00 0.00 0.00 0.02 0.00 0.00 1.02 nan nan nan nan nan nan nan nan 0.89 1.02 nan 0.00 0.00 0.00 0.00 1.02 nan nan 1.02 1.02 0.04 0.00 0.01 1.02 nan nan 1.02
0.60 0.00 0.00 0.00 0.00 1024.45 1024.45 nan nan nan 1024.42 1024.42 0.00 0.04 0.01 0.00 0.00 nan 0.01 0.00 0.00 0.02 1.02 0.00 0.00 0.00 0.00 0.00 0.00 0.00 0.00 0.00 0.00 0.00 0.00 0.00 0.00 0.00 0.00 0.00 1.02 nan nan nan nan nan 0.25 1.02 1.02 0.88 0.00 0.09 1.02 0.00 0.00 0.00 0.00 0.00 0.00 1.02 1.02 1.02 1.02 nan nan nan nan nan 1.02 1.02 1.02 0.00 0.00 0.00 0.00 0.11 1.02 1.02 1.02 1.02 0.08 0.00 0.00 nan nan nan 1.02
0.09 0.02 0.00 0.00 1024.73 1024.72 1024.72 nan nan 1024.70 1.00 10.54 0.00 0.04 0.60 0.16 1.02 0.00 nan 0.07 0.00 1.02 0.99 0.00 0.00 0.00 0.00 0.00 0.00 0.00 0.00 0.00 0.00 0.00 0.00 0.00 0.00 0.00 0.00 0.00 0.00 nan nan nan nan nan nan 1.02 0.02 1.02 0.01 0.00 1.02 1.02 0.00 0.00 0.00 0.00 0.00 0.06 1.02 nan nan nan nan nan 1.02 1.02 1.02 1.02 0.07 0.00 0.00 0.00 0.00 0.00 1.02 nan nan nan 1.02 0.02 0.00 nan nan nan 0.01
1.02 0.00 1.00 5.75 718.92 1024.72 1024.72 1024.72 1024.70 5.00 2.23 1.00 1024.69 0.00 0.01 1.02 1.02 1.02 1.02 1.02 0.02 1.02 0.03 0.00 0.00 0.00 0.00 0.00 0.00 0.00 0.00 0.00 0.00 0.00 0.00 0.00 0.00 0.00 0.00 0.00 0.00 nan nan nan nan nan nan nan 1.02 0.04 1.02 0.00 1.02 1.02 1.02 0.05 1.02 0.08 0.11 0.02 0.05 nan nan 1.02 1.02 1.02 0.00 0.26 1.02 0.14 0.00 0.00 0.00 0.00 0.00 0.00 1.02 1.02 nan nan nan nan 1.02 nan nan 1.02 0.00
1.02 0.00 2.73 1.00 2.42 286.46 1024.72 1024.72 1024.70 1024.70 1024.69 1.00 1024.69 0.01 0.00 1.02 1.02 nan nan nan 1.02 0.62 1.02 1.02 0.00 0.00 0.00 0.00 0.00 0.00 0.00 0.00 0.00 0.00 0.00 0.00 0.00 0.00 0.00 0.00 0.00 nan nan nan nan nan nan nan nan 1.02 1.02 0.01 1.02 1.02 1.02 1.02 1.02 1.02 1.02 1.02 1.02 0.01 0.00 0.00 0.00 0.00 0.00 0.00 0.00 0.00 0.00 0.00 0.00 0.00 0.00 0.00 0.02 1.02 nan nan 1.02 1.02 1.02 nan nan 0.01 0.00
0.61 0.00 1.98 2.86 6.17 81.42 1024.72 nan nan 1024.70 1024.69 33.17 1024.69 1.02 0.46 1.02 nan nan nan nan nan 1.02 1.02 0.02 0.00 0.00 0.00 0.00 0.00 0.03 0.04 0.00 0.00 0.00 0.00 0.00 0.00 0.00 0.00 0.00 0.00 0.07 nan nan nan nan nan nan nan nan 0.02 1.02 0.89 1.02 1.02 nan nan nan nan nan nan 1.02 0.00 0.00 0.00 0.00 0.00 0.00 0.00 0.00 0.00 0.00 0.00 0.00 0.00 0.00 0.00 0.07 1.02 nan nan nan 1.02 1.02 1.02 0.00 0.00
0.01 0.00 12.62 1005.44 1024.73 1024.72 1024.72 943.00 2.43 1.00 2.13 4.03 4.91 18.67 0.97 1.02 nan nan nan nan 1.02 1.02 1.02 0.00 0.00 0.03 0.00 0.00 0.00 0.02 0.01 0.00 0.00 0.00 0.00 0.00 0.00 0.00 0.00 0.00 0.00 0.00 1.02 nan nan nan nan nan nan nan nan nan nan nan nan nan nan nan nan nan nan nan nan 1.02 0.00 0.00 0.00 0.00 0.00 0.00 0.00 0.00 0.00 0.00 0.00 0.00 0.01 1.02 1.02 nan nan nan 1.02 0.00 0.00 0.00 0.00
0.01 0.05 nan nan nan nan 502.30 1.00 1.08 1024.98 1024.96 996.18 325.34 1.00 4.87 1.02 1.02 0.59 0.11 0.00 0.00 0.07 1.02 0.00 0.00 0.28 0.04 0.00 0.00 0.00 0.00 0.00 0.00 0.00 0.00 0.00 0.00 0.00 0.00 0.00 0.00 0.00 0.00 0.00 nan nan nan nan nan nan nan nan nan nan nan nan nan nan nan nan nan nan nan nan nan 1.02 0.06 0.11 0.00 0.00 0.00 0.00 0.00 0.00 0.00 0.00 0.00 1.02 1.02 1.02 1.02 1.02 1.02 0.00 0.00 0.00 0.00
0.00 0.00 1025.01 1025.01 1025.01 nan 1025.00 7.57 2.11 1024.98 1024.96 1024.96 1024.96 1024.95 163.28 0.00 0.00 0.00 0.00 0.00 0.00 0.01 1.02 0.04 0.00 0.01 1.02 0.01 0.01 0.00 0.00 0.00 0.11 0.00 0.00 0.01 0.00 0.00 0.00 0.00 0.00 0.00 0.00 0.00 0.00 nan nan nan 1.02 nan nan 1.02 1.02 nan nan nan nan 1.02 1.02 1.02 1.02 nan nan nan 1.02 0.80 0.00 1.00 0.38 0.00 0.00 0.00 0.00 0.00 0.00 0.00 0.00 0.01 1.02 1.02 1.02 1.02 1.02 1.02 0.11 0.00 0.00
0.00 0.00 121.07 1025.01 1025.01 1025.00 7.19 1.00 41.86 1024.98 nan 1024.96 1024.96 1024.95 14.67 1.00 1.00 0.00 0.00 0.00 0.00 0.02 1.02 0.02 0.00 0.01 1.02 1.02 0.14 0.03 0.00 0.02 0.02 0.01 0.00 0.00 0.00 0.00 0.00 0.00 0.01 0.00 0.00 0.01 1.02 1.02 1.02 1.02 1.02 1.02 nan 1.02 1.02 1.02 1.02 1.02 nan 1.02 0.32 0.01 0.03 0.03 1.02 nan nan 1.02 0.15 0.14 0.71 0.00 0.00 0.00 0.02 1.02 1.02 1.02 0.02 0.19 1.02 1.02 1.02 1.02 1.02 1.02 1.02 0.00 0.00
0.00 20.78 456.74 1025.01 1025.01 19.54 1.00 2.85 1024.98 nan nan 1024.96 1024.96 1024.95 14.85 1.65 1.00 1.00 0.00 0.00 0.00 0.12 1.02 0.00 0.00 0.00 1.02 1.02 1.02 0.08 0.01 0.00 0.00 0.00 0.00 0.00 0.00 1.02 1.02 1.02 1.02 1.02 nan nan nan nan 1.02 0.00 0.00 0.00 0.00 0.47 1.02 1.02 0.89 0.02 1.02 nan 1.02 0.06 0.00 0.00 0.00 0.02 nan 1.02 0.00 0.00 0.00 0.00 0.00 0.00 0.00 1.02 nan nan 1.02 0.00 0.00 0.37 0.76 1.02 nan 1.02 0.04 0.00 0.00
1025.03 914.69 1025.01 1025.01 1025.01 1025.00 237.19 953.37 nan 1024.98 1024.96 1024.96 243.95 6.30 260.66 634.87 8.02 2.75 19.40 112.74 45.66 0.64 0.03 0.00 0.00 0.00 1.02 1.02 1.02 1.02 0.24 0.00 0.00 0.00 0.00 0.00 0.00 1.02 nan nan nan nan nan nan nan nan nan 1.02 0.01 0.00 0.00 0.01 nan nan 1.02 1.02 1.02 nan nan 1.02 0.86 0.00 0.00 0.00 0.00 1.02 1.02 0.00 0.00 0.00 0.00 0.00 0.00 0.00 nan nan nan 0.00 0.00 0.00 0.00 0.01 1.02 1.02 0.93 1.02 0.04
nan 1025.32 1025.30 1025.30 1025.30 1025.29 72.51 1025.29 nan 1025.27 1025.25 1025.25 1025.25 1025.23 1025.23 217.58 119.37 140.50 74.08 82.01 9.08 1025.18 20.93 0.00 0.01 0.08 1.03 1.03 1.03 1.03 1.03 1.03 0.01 0.00 0.02 0.01 1.03 1.03 nan 1.03 nan nan nan nan nan nan nan nan nan nan nan nan nan nan nan 1.02 nan nan nan 1.02 1.02 1.02 1.02 1.02 1.02 nan nan 0.01 0.00 0.00 0.00 0.00 0.00 0.00 1.02 nan nan nan 0.00 0.00 0.00 0.00 0.00 0.99 1.02 1.02 1.02
1.03 nan 1025.30 1025.30 1025.30 1025.29 1025.29 nan nan 1025.27 1025.25 1025.25 1025.25 1025.23 243.94 3.88 15.57 466.95 1025.20 12.67 241.00 1025.18 1.00 0.00 0.01 1.03 0.56 1.03 1.03 nan nan 1.03 1.03 0.02 0.01 0.00 1.03 1.03 1.03 1.03 1.03 1.02 1.02 1.02 1.02 1.02 nan nan nan nan nan nan nan nan nan nan nan nan nan 1.02 1.02 1.02 1.02 nan nan nan nan 0.20 0.00 0.00 0.00 0.00 0.00 0.00 0.00 nan nan nan 0.00 0.00 0.00 0.00 0.00 1.02 0.93 0.02 0.01
1.03 1.03 nan 1025.30 8.94 1025.29 nan nan nan 1025.27 1025.25 1025.25 1025.25 856.24 8.40 8.55 34.25 60.04 58.24 844.80 1.00 1.00 1.00 1.00 0.00 0.02 0.54 1.03 1.03 nan nan 1.03 1.03 0.00 0.00 0.01 1.03 0.13 0.00 0.00 0.00 0.00 1.02 1.02 1.02 nan 1.02 nan nan nan nan nan nan nan nan nan nan nan nan nan 1.02 nan nan 1.02 nan nan nan 0.01 0.00 0.00 0.00 0.07 1.02 0.04 0.00 0.04 nan nan 1.02 0.00 0.00 0.00 0.00 0.04 0.02 0.00 0.00
1.03 1.03 1.03 72.28 1.00 nan nan nan nan 1025.27 1025.25 1025.25 18.99 25.19 3.58 5.06 2.97 2.54 2.18 1.00 1.00 1.00 1.00 24.20 22.56 0.00 0.73 1.03 1.03 1.03 1.03 1.03 0.29 0.00 0.00 0.00 0.00 0.00 0.00 0.00 0.00 0.00 0.00 1.02 1.02 1.02 1.02 1.02 1.02 1.02 nan nan nan nan nan nan nan nan nan nan nan nan nan 1.02 nan nan nan 1.02 1.02 0.00 1.02 nan 1.02 1.02 1.02 1.02 nan nan 1.02 0.00 0.00 0.00 0.00 0.00 0.01 0.01 0.01
1.03 1.03 1.03 0.00 0.44 nan nan nan nan 39.00 422.69 69.36 7.24 12.37 7.26 2.65 2.09 7.86 1.61 1.00 1.00 1.00 1.56 1025.45 670.43 0.01 0.01 0.01 0.31 0.00 0.00 0.25 0.00 0.00 0.00 0.00 0.00 0.00 0.00 0.00 0.00 0.00 0.00 1.03 1.03 0.00 0.01 0.00 1.03 nan nan nan nan nan nan nan nan nan nan nan nan nan nan nan nan nan nan nan nan nan nan nan nan nan nan 1.02 0.04 1.02 1.02 0.04 0.00 0.00 0.00 0.00 0.00 0.01 0.01
1.03 1.03 1.03 0.00 1.03 1.03 1.03 nan 1025.57 1.00 1.16 2.09 212.46 13.37 7.92 5.61 7.89 16.29 5.70 29.84 820.55 1.00 731.30 441.49 2.12 440.77 33.39 0.00 0.00 0.00 0.00 0.00 0.00 0.00 0.00 0.00 0.00 0.00 0.00 0.00 0.25 0.01 0.06 0.01 0.01 0.01 0.00 0.00 0.13 0.49 nan nan 1.03 nan 1.03 nan nan nan nan nan nan nan nan nan nan nan nan nan nan nan nan nan nan nan nan 1.02 0.00 1.01 1.02 0.00 0.00 0.00 0.00 0.00 0.00 0.00 0.00
1.03 1.03 1.03 0.02 0.00 0.01 1.03 0.00 0.01 12.75 3.04 4.32 9.83 6.78 22.68 8.59 6.37 89.90 31.98 1.44 1.00 1.00 11.80 1.00 1.00 1.65 1.67 1.00 1.00 1.00 1.00 0.00 0.01 0.00 0.00 0.00 0.00 0.00 0.00 0.10 1.03 0.12 0.01 0.00 0.00 0.00 0.00 0.25 1.03 nan nan nan 1.03 1.03 1.03 1.03 nan nan nan nan nan nan nan nan nan nan 0.82 0.00 0.01 nan nan nan 0.01 0.13 1.02 1.02 0.01 0.00 0.43 0.00 0.00 0.00 0.00 0.00 0.00 0.00 0.00
1.03 nan 1.03 0.00 0.00 1.03 0.03 0.00 0.01 1.03 0.00 0.00 1.00 1.00 3.47 30.26 42.00 1.11 1.00 1.00 1.00 1.00 1.00 1.00 1.00 1.00 1.00 1.00 1.00 1.00 1.00 1.00 0.02 0.00 0.00 0.00 0.00 0.00 1.03 1.03 1.03 1.03 1.03 0.00 0.00 0.00 0.00 0.00 0.00 nan nan nan nan 1.03 nan 1.03 1.03 nan nan nan 1.03 1.03 1.03 0.05 0.21 0.00 0.00 0.00 0.00 0.00 1.02 1.02 0.00 0.00 0.16 1.02 0.00 0.00 0.00 0.00 0.00 0.00 0.00 0.00 0.00 0.00 0.00
nan nan 1.03 0.01 1.03 0.01 0.01 0.02 1.03 1.03 0.00 0.00 0.00 2.86 7.71 2.14 2.84 1.00 1.00 1.00 1.00 1.00 1.00 1.00 1.00 1.00 1.00 1.00 1.00 1.00 1.00 1.00 8.34 0.01 0.00 0.00 0.00 1.03 nan 1.03 1.03 1.03 0.69 0.01 0.00 0.00 0.00 0.00 nan nan nan nan nan nan 0.00 0.01 1.03 1.03 nan nan 0.04 0.00 0.00 0.00 0.00 0.00 0.00 0.00 0.00 0.00 0.00 0.00 0.00 0.04 1.02 1.02 0.48 0.00 0.00 nan 1.02 1.02 0.00 0.00 0.00 0.00 0.00
nan nan nan nan 1.03 1.03 1.03 1.03 nan nan 1.03 0.01 0.07 0.01 1025.84 nan 1.00 1.00 1.00 1.00 1.00 1.00 1.26 1.00 1.00 1.00 1.00 1.00 1.00 1.00 1.00 1.00 1.00 1.03 1.03 1.03 1.03 nan nan 0.01 1.03 1.03 0.38 0.00 0.00 1.03 0.00 0.20 0.09 0.00 1.03 nan nan nan 1.03 0.01 0.01 1.03 1.03 nan 1.03 0.00 0.00 0.00 0.00 0.00 0.00 0.00 0.00 0.00 0.00 0.00 0.00 0.00 1.03 1.03 1.03 1.03 0.00 1.02 nan nan 1.02 0.00 0.00 0.00 0.00
