OUTPUT-RE/DISPLACEMENTS/Dist_20th_475years/Disp_20th__Earthquake475m-05_PGA=3.11__Ru=0.27_20.txt
ncols         654
nrows         1178
xllcorner     514480
yllcorner     4496780
cellsize      20
nodata_value  -9999.0
[rows 195 to 233 of 1178, columns 261 to 347 of 654]
nan 2.12 2.12 0.19 0.00 0.00 0.00 0.00 0.00 0.00 2.12 2.12 0.01 0.00 0.00 0.00 1.00 1.00 1.00 1.00 nan nan nan nan nan nan nan nan nan nan nan nan nan nan nan 2.11 0.00 2.11 2.11 nan 2.11 2.11 2.11 0.39 2.11 2.11 2.11 1.13 0.01 0.00 0.00 0.01 0.00 0.00 0.00 0.00 0.00 0.00 0.00 0.00 0.02 0.08 0.00 0.00 1.00 28.73 2108.00 2108.00 nan 20.44 1.00 2106.81 nan nan nan nan 2105.59 0.00 0.00 0.02 nan nan nan 2.10 nan nan nan
nan nan 2.12 0.05 0.00 0.00 0.00 0.00 0.00 2.12 2.12 2.12 2.12 0.01 0.00 0.00 0.00 1.00 1.00 72.16 nan nan nan nan nan nan nan nan nan nan nan nan nan nan nan 2.11 0.01 0.01 2.11 2.11 nan 2.11 0.03 2.11 2.11 2.11 2.11 2.11 0.10 0.00 0.00 0.00 0.00 0.00 0.00 0.00 2.88 119.90 13.62 2109.73 2109.73 2109.16 2109.16 2108.58 2108.58 25.13 2108.00 2108.00 2108.00 2107.41 1.00 1.00 261.54 2106.81 2106.20 2106.20 2105.59 2105.59 1.83 2.10 2.10 2.10 2.10 1.77 nan nan nan
nan nan 2.12 0.00 0.00 0.00 0.00 0.00 0.02 2.12 2.12 2.12 2.12 2.12 0.02 0.07 0.05 0.00 1.92 nan nan nan nan nan nan 2116.46 nan nan nan nan nan nan nan nan nan 2.11 0.17 0.00 0.01 2.11 2.11 2.11 0.00 0.34 2.11 2.11 2.11 0.00 0.00 0.00 0.00 0.00 0.02 0.00 2110.84 2110.84 2110.29 1418.73 12.54 384.53 2109.73 2109.16 2109.16 2108.58 2108.58 47.21 13.35 2108.00 2108.00 2107.41 3.26 1.00 25.52 2106.81 2106.20 2106.20 2105.59 2105.59 2105.59 0.01 0.00 0.00 0.00 0.00 2.10 nan nan
nan 2.12 0.00 0.00 0.00 0.00 0.00 0.00 0.02 0.09 2.12 2.12 2.12 0.59 2.12 2.12 2.12 2.12 2.12 1.31 0.31 2118.42 2118.42 nan 2117.96 2015.49 nan nan nan nan nan nan nan nan nan nan 2.00 0.38 0.12 2.12 2.11 0.04 0.00 0.01 0.01 0.02 0.00 0.00 0.01 2.11 2.11 nan nan nan nan 2111.89 2111.33 1621.68 13.38 73.56 2110.77 2110.20 2110.20 2109.62 2109.62 767.55 2.12 11.14 nan nan 2108.45 11.53 2107.85 2107.85 2107.25 2107.25 2106.64 141.34 6.91 15.10 0.00 0.00 0.00 0.01 2.10 nan nan
2.12 0.00 0.00 0.00 0.00 0.00 0.00 0.06 2.12 0.29 2.12 2.12 0.06 0.01 2.12 2.12 2.12 2.12 1.06 0.64 0.02 0.00 23.29 23.62 2117.96 nan nan nan nan nan nan nan nan nan nan nan nan nan 2.12 2.12 2.11 0.00 0.00 0.00 0.00 0.00 0.00 1.87 2.11 2.11 2.11 nan nan nan nan 2111.89 2111.33 2111.33 5.45 13.07 2110.77 2110.20 2110.20 2109.62 2109.62 2109.62 35.67 nan nan nan nan 2107.85 2107.85 2107.85 2107.25 2107.25 2106.64 132.61 15.89 37.24 0.01 0.01 0.00 0.00 2.10 2.10 nan
0.00 0.00 0.00 0.00 0.00 0.00 0.00 0.31 2.12 2.12 2.12 2.12 0.04 0.01 2.12 2.12 2.12 2.12 2.12 2.12 2.02 0.02 0.00 1.00 1.00 2117.50 nan nan nan nan nan nan nan nan nan nan nan nan nan 0.13 0.09 0.00 0.00 0.00 0.00 0.00 0.00 0.01 2.11 nan nan nan nan 2111.89 2111.89 205.57 2111.33 2111.33 1.30 3.82 18.49 2110.20 nan nan 2109.62 2109.62 2109.04 nan nan nan 2108.45 2107.85 2107.85 2107.85 2107.25 2107.25 82.99 14.12 1.50 269.54 1866.13 0.03 0.00 0.00 0.00 2.10 nan
0.00 0.00 0.00 0.00 0.00 0.00 0.00 1.63 2.12 2.12 2.12 2.12 2.12 2.12 2.12 2.12 2.12 2.12 2.12 0.03 2.12 2.12 0.00 0.00 1.00 2117.50 nan nan nan nan nan nan nan nan nan nan nan nan 0.45 0.03 0.05 0.00 0.00 0.00 0.00 0.00 0.00 0.00 2112.98 nan nan 2112.43 nan 2111.89 1.00 19.58 nan nan 2.98 1.00 1.00 2110.20 2110.20 2109.62 nan nan nan 2109.04 2109.04 nan 2108.45 2107.85 22.88 218.02 730.56 46.09 4.50 4.40 1.00 1.51 1879.96 1.00 0.00 0.00 0.00 0.01 nan
0.00 0.00 0.00 0.00 0.00 0.00 0.00 2.12 2.12 2.12 2.12 2.12 2.12 2.12 2.12 2.12 2.12 2.12 2.12 2.12 nan nan nan nan nan nan nan nan nan nan nan nan nan nan nan nan nan nan 0.03 0.00 0.00 0.00 0.00 0.00 0.00 0.00 0.00 6.60 234.98 2114.03 32.12 1.00 2113.49 nan 1.00 nan nan 2112.39 2111.83 3.81 2.75 2111.26 2111.26 2110.68 nan nan nan 2110.10 2110.10 nan 2109.51 2.24 1.00 3.94 3.02 1.00 7.34 6.02 1.00 7.76 2107.09 6.59 2106.46 0.81 2.11 nan nan
1.00 0.00 0.00 0.00 0.00 0.17 2.12 0.05 0.12 2.12 2.12 2.12 nan nan 2.12 2.12 1.36 nan nan nan nan nan nan nan nan 2.12 nan nan nan nan nan nan nan nan nan nan nan nan 0.02 0.00 0.01 0.00 0.00 0.00 0.00 0.00 1.00 3.06 2114.03 404.02 1.00 1.00 8.92 1040.06 705.16 nan 2112.39 2112.39 nan nan 2111.83 2111.26 nan 2110.68 nan nan nan 2110.10 2110.10 nan 8.43 1.00 1.75 1.00 1.00 1.00 1.02 1.00 1.00 130.90 2107.09 nan nan nan nan nan 2.11
1.00 0.00 0.00 2.12 2.12 2.12 0.01 0.04 0.00 0.03 2.12 2.12 nan nan nan 2.12 nan nan nan nan nan 0.12 0.02 2.12 nan nan nan nan nan nan nan nan nan nan nan nan nan nan nan 2.12 2.12 2.12 0.01 0.00 0.00 0.01 818.83 2114.57 1.00 1.00 1.00 1.00 1.00 6.43 nan nan nan nan nan nan nan 2111.26 nan nan 2110.68 nan nan nan nan nan 2.09 515.99 7.34 1.00 1.00 3.07 1.11 1.00 1.00 10.58 nan nan nan nan nan nan 2.11
0.00 0.13 nan nan nan 2.12 0.01 0.00 0.09 0.02 0.02 nan nan 2.12 2.12 nan nan nan nan nan 0.03 2.12 0.03 nan nan nan nan nan nan nan nan nan nan nan nan nan 2.12 nan nan nan nan 2.12 0.00 0.00 0.00 0.49 2114.57 2114.57 3.44 1.00 1.00 2113.49 1.01 27.64 nan nan nan nan nan nan nan 2111.26 2111.26 2110.68 1.00 1.00 1.00 nan nan nan 2109.51 591.76 12.89 1.00 1.00 2.95 410.91 1.00 1.00 1.00 nan nan nan nan 33.32 0.13 2.11
0.00 nan nan nan nan 2.12 0.00 0.14 0.02 0.52 nan nan nan nan nan nan nan nan 2.12 0.01 2.12 2.12 2.12 2.12 nan nan nan nan nan nan nan nan nan nan nan nan nan 2.12 nan nan nan 2.12 0.00 0.01 0.03 1.29 2114.57 11.90 2.56 1.00 617.79 2113.49 2036.25 10.82 nan nan nan nan nan nan 2111.83 2111.26 4.87 1.00 1.00 1.00 2110.10 2110.10 nan 6.02 2109.51 2108.91 262.15 3.07 1.00 2108.31 2107.70 2107.70 1.00 1.00 nan nan nan nan 1.00 1.00 0.64
nan nan nan 2.12 2.12 2.12 0.00 2.12 0.05 2.12 nan 2.12 2.12 nan nan nan nan nan 0.00 0.16 2.12 2.12 0.02 nan nan nan 2.12 nan nan nan nan nan nan nan 2.12 2.12 nan 2.12 2.12 nan nan 0.06 0.00 0.00 2.12 0.06 13.41 1.26 1.00 52.16 nan nan 2114.57 2114.02 nan nan 79.42 2113.47 nan nan nan nan 2112.34 25.36 24.89 nan nan 2111.18 2111.18 1.00 2110.59 2109.99 2109.99 15.75 50.59 2109.39 nan nan nan 2108.16 nan nan nan nan 1.00 1.00 1.00
nan nan nan 0.00 0.00 2.12 0.04 2.12 2.12 2.12 2.12 2.12 2.12 2.12 nan nan nan 2.12 0.01 0.00 0.00 0.27 2.12 2.12 2.12 2.12 0.00 nan nan nan 2.12 2.12 nan 2.12 0.00 0.00 0.00 2.12 2.12 nan nan 0.01 0.00 1.51 2.12 2.12 75.39 146.64 2115.11 nan 2115.11 7.73 1489.18 2114.02 nan 2114.02 1.00 1.00 11.29 2112.90 nan nan nan nan nan nan 124.84 2111.18 2111.18 2110.59 2110.59 65.39 20.72 1854.97 2109.39 nan nan nan nan nan nan nan nan nan 1.00 1.00 1.00
nan nan 2.12 0.00 0.01 2.12 2.12 0.00 0.00 0.00 0.01 0.00 0.00 0.24 2.12 nan nan nan 2.12 0.08 2.12 nan nan 2.12 0.00 0.00 0.00 0.01 nan nan nan nan nan nan 0.00 0.00 0.00 0.00 0.00 0.03 nan 0.03 0.00 0.00 2.12 2.12 nan 58.99 15.26 2115.11 41.93 6.98 2114.57 1.71 2114.02 2114.02 2113.47 6.93 1.00 2112.90 nan nan nan nan nan 112.78 2111.18 2111.18 2111.18 2110.59 2110.59 1.00 7.95 1582.99 2109.39 nan nan nan nan 2108.16 2108.16 nan nan 2107.54 1.00 1.00 1.00
nan nan nan nan nan nan 2.12 0.00 0.00 0.00 0.00 0.01 0.01 0.00 0.05 nan nan nan nan 2.12 2.12 nan nan nan 2.12 0.00 2.12 2.12 2.12 2.12 2.12 nan nan nan 2.12 2.12 2.12 0.04 0.01 2.12 2.12 0.00 0.00 0.00 0.11 2.12 nan nan 1.00 1.00 nan nan nan nan nan nan 1033.80 896.82 813.13 2112.90 nan nan nan nan nan nan nan nan 2111.18 2110.59 2110.59 52.86 84.47 4.40 10.76 69.70 2108.78 nan nan 2108.16 2108.16 nan 2107.54 1.00 1.00 1.00 1.00
2.12 2.12 nan nan nan 0.14 2.12 0.06 0.00 0.00 0.00 0.00 0.00 0.00 0.27 nan nan 2.12 2.12 2.12 2.12 2.12 nan nan nan 0.01 0.01 2.12 2.12 2.12 2.12 nan nan 2.12 2.12 2.12 2.12 2.12 2.12 0.00 0.00 2.12 0.00 0.00 0.00 2.12 nan nan nan 258.44 2115.11 nan nan 2114.02 2114.02 46.07 7.59 385.32 2112.90 2112.90 2112.90 nan nan nan nan nan nan nan 54.17 2110.59 2110.59 2109.99 26.19 1.00 1.27 1.36 1.00 2108.78 nan 2108.16 2108.16 2107.54 10.54 1.00 1.00 1.00 1.00
nan 2.13 nan nan 2.12 2.12 0.18 0.01 0.00 0.00 0.00 0.00 0.00 0.00 0.01 2.12 2.12 2.12 2.12 2.12 0.00 2.12 nan nan nan 2.12 0.03 2.12 2.12 nan nan 2.12 2.12 2.12 2.12 2.12 2.12 2.12 2.12 2.12 0.09 2.12 0.02 0.00 0.00 2.12 2.12 nan nan nan nan nan nan 1267.03 1.00 1.00 1.00 3.07 163.75 2113.99 2113.99 22.29 2113.43 2112.85 nan nan nan 19.54 4.09 2111.68 2111.68 886.88 6.40 1.00 1.00 1.57 1.00 5.56 2109.88 2109.26 2109.26 126.94 1.00 1.00 1.00 1.00 1.00
nan nan nan nan 0.00 0.22 0.11 0.01 0.01 0.00 0.00 0.00 0.00 0.00 0.01 0.10 2.12 2.12 2.12 0.02 0.03 2.12 2.12 nan 2.12 2.12 2.12 2.12 2.12 2.12 nan 2.12 2.12 2.12 2.12 2.12 nan 2.12 2.12 2.12 0.04 0.03 0.81 0.00 0.00 2.12 2.12 2.12 2116.20 2116.20 nan nan nan 991.22 1.00 2115.11 2086.44 505.54 2113.99 2113.99 2113.99 37.54 3.52 227.99 2112.85 nan 2112.27 11.52 40.66 2111.68 2111.68 171.56 3.92 1.00 1.00 1.63 1.42 4.32 80.02 2109.26 85.10 1.00 1.00 1.00 1.00 1.00 1.00
nan nan nan nan 2.12 0.00 0.00 0.01 0.02 0.01 0.00 0.00 0.00 0.00 0.02 0.42 2.12 2.12 2.12 2.12 2.12 0.03 2.12 nan 2.12 0.02 0.11 2.12 nan 2.12 2.12 2.12 2.12 2.12 2.12 2.12 2.12 2.12 2.12 2.12 1.85 2.08 2.12 0.00 0.00 1.85 1.97 0.03 0.01 0.01 nan nan nan nan nan 2115.11 nan nan nan nan 2113.99 910.74 1.07 4.07 2085.86 2112.85 2112.27 358.89 2112.27 nan 1877.35 98.00 4.07 1.00 1.00 1.83 8.81 78.81 2109.88 175.44 36.52 1.00 1.00 1.00 2.44 1.00 1.00
nan nan nan nan nan 0.00 0.01 1.24 0.00 0.00 0.00 0.00 0.00 0.00 0.01 2.12 2.12 2.12 2.12 2.12 2.12 2.12 2.12 nan 2.12 2.12 2.12 2.12 2.12 2.12 2.12 2.12 0.01 2.12 2.12 1.71 0.01 0.01 0.61 2.12 2.12 1.37 0.02 0.95 2.12 2.12 0.51 0.00 0.00 0.01 0.00 0.01 nan nan nan nan nan nan nan nan 2113.99 1.31 1.00 1.00 3.86 2112.85 2112.27 2112.27 2112.27 2111.68 2.65 7.32 3.36 1.00 1.00 1.20 15.04 2109.88 2109.88 131.71 22.46 2.97 1.00 1.85 7.50 1.00 1.00
nan nan nan nan nan nan 0.00 0.00 0.00 0.00 2.12 2.12 0.00 0.00 0.03 0.03 0.01 2.12 2.12 2.12 2.12 2.12 2.12 nan 2.12 2.12 2.12 0.00 0.02 2.12 2.12 2.12 2.12 2.12 0.08 0.02 0.02 0.02 1.07 2.12 0.16 0.00 0.00 2.12 nan nan 2.12 0.00 0.00 0.00 0.00 0.00 0.00 2.12 nan nan nan nan nan nan nan 2114.53 7.19 1.07 41.80 2021.01 nan 2113.38 2113.38 1.00 3.82 10.37 1.00 1.00 1.00 2.17 37.61 2110.99 32.63 43.57 6.22 1.60 1.00 2.02 7.10 1.00 1.00
nan nan nan nan nan nan 2.13 0.00 1.02 0.53 2.12 2.12 0.01 0.01 2.12 0.44 0.93 2.12 2.12 2.12 2.12 2.12 2.12 2.12 2.12 nan 2.12 1.94 0.70 2.12 2.12 2.12 2.12 2.12 2.12 0.46 0.01 0.03 2.12 2.12 0.00 0.00 0.04 2.12 2.12 nan 2.12 0.00 0.00 0.00 0.00 0.00 0.00 0.00 2.12 nan nan nan nan nan nan nan 2114.53 nan 2113.96 nan nan nan 2113.38 3.10 2112.79 2112.19 1.00 1.00 1.00 1.32 2110.99 2110.99 2.54 3.91 3.06 1.48 1.00 1.48 6.69 1.00 1.00
nan 2.13 2.13 nan nan nan nan 0.00 2.12 2.12 nan 2.12 2.12 0.75 0.07 2.12 1.19 1.77 2.12 nan nan nan 2.12 2.12 nan 2.12 nan nan nan nan nan nan 2.12 2.12 2.12 2.12 2.12 2.12 0.00 0.00 0.00 0.25 2.12 2.12 nan 2.12 0.08 0.00 0.00 0.00 0.00 2.12 1.29 2.12 nan nan 2.12 nan nan nan nan nan nan nan nan nan 2113.38 nan 2113.38 2.13 nan nan 2112.19 22.44 6.08 1.00 1982.80 2110.99 1879.63 35.94 1.00 2.94 1.00 2.72 1.86 1.00 1.00
2.13 2.13 nan nan nan nan 2.13 0.03 2.12 nan nan nan 0.03 0.01 2.12 2.12 2.12 2.12 2.12 2.12 2.12 2.12 nan nan nan nan nan nan nan nan nan nan 0.04 2.12 2.12 0.03 2.12 0.02 0.00 0.00 0.00 2.12 nan nan nan nan 2.12 2.12 0.00 0.00 2.12 2.12 nan nan nan nan 0.00 0.00 nan nan nan nan nan nan nan nan nan 194.88 2113.38 34.19 nan nan nan 2112.19 2111.59 933.01 126.54 41.30 nan 2110.37 1.65 1.00 1.00 1.00 2109.13 2109.13 34.84
2.13 nan 2.13 nan nan nan nan 2.12 nan 2.12 nan nan 0.00 0.00 0.52 2.12 2.12 nan 2.12 1.43 2.12 2.12 nan nan nan nan nan nan nan nan nan nan nan nan nan nan 2.12 0.00 0.00 0.00 2.12 nan nan nan nan nan nan nan 0.00 2.12 2.12 nan nan nan nan 0.74 0.00 0.00 nan nan nan nan nan nan nan nan nan 2113.38 nan nan nan nan nan nan nan nan 50.63 27.38 2110.99 2110.37 492.55 1.00 1.00 2109.75 nan nan nan
0.00 2.13 nan nan nan nan nan 2.13 0.08 nan nan 2.13 0.00 0.00 0.02 2.12 nan nan 2.12 2.12 2.12 nan nan nan nan nan nan nan nan nan nan nan nan nan nan nan nan 2.12 0.00 nan nan nan nan nan nan nan nan nan 2.12 2.12 nan nan nan 2.12 nan 0.00 0.00 0.00 nan nan 2.12 2.12 nan nan nan nan nan nan nan nan 2113.91 nan nan nan nan nan 2112.11 2112.11 2112.11 36.71 113.58 1.00 1.00 nan nan nan nan
0.00 2.13 nan nan 2.13 nan nan 0.01 2.13 2.13 2.13 2.13 0.00 0.00 0.00 2.12 nan 2.12 2.12 2.12 0.25 2.12 nan nan nan 2.12 nan nan nan nan nan 2.12 2.12 2.12 nan nan nan nan 2.12 nan nan nan nan nan nan nan nan nan 2.12 1.26 nan nan 2.12 1.28 nan nan 2.12 2.12 nan 2.12 2.12 nan nan nan nan nan nan nan nan nan 2113.91 nan nan nan nan nan 2112.11 2112.11 2112.11 2111.50 2111.50 2110.88 2110.88 nan nan nan nan
0.00 nan nan nan 2.13 0.00 0.00 0.00 2.13 2.13 2.13 0.01 0.00 0.00 0.00 2.12 2.12 2.12 2.12 2.12 2.12 2.12 2.12 nan nan nan nan nan 2.12 nan nan nan 2.12 2.12 2.12 2.12 nan nan nan nan nan nan nan 2.12 2.12 nan nan nan 2.12 2.12 0.03 2.12 2.12 2.12 0.38 nan nan nan 2.12 2.12 nan nan nan 2.12 nan nan nan nan 0.00 0.08 nan nan nan nan nan nan nan nan nan nan 2111.50 nan nan nan nan nan nan
0.04 nan nan 2.13 0.00 0.00 0.00 0.00 0.00 0.01 0.00 0.05 0.00 0.00 0.20 2.12 2.12 2.12 2.12 nan nan 2.12 0.04 1.04 nan nan nan nan nan nan nan nan nan 2.12 0.00 0.01 2.12 nan nan 2.12 nan 2.12 2.12 2.12 nan nan nan nan nan 2.12 0.00 2.12 0.02 2.12 nan nan nan nan 2.12 2.12 nan nan nan nan nan nan nan nan nan 2.11 nan nan nan nan nan nan 459.82 2112.11 nan 2111.50 2111.50 2110.88 nan nan nan 4.03 1.00
0.00 nan nan 2.13 0.00 0.00 0.00 0.00 0.01 2.13 2.13 2.13 0.00 0.00 0.05 2.13 2.13 1.37 0.02 2.13 2.12 2.12 2.12 2.12 nan nan nan nan nan nan 2.12 2.12 2.12 nan 0.04 2.12 2.12 0.02 2.12 nan nan 2.12 2.12 nan 2.12 nan nan nan nan 0.03 2.12 nan nan nan nan 2.12 0.00 2.12 0.02 2.12 nan nan nan nan nan nan nan nan nan nan nan nan nan nan nan 2113.86 2113.25 2113.25 318.12 3.66 4.11 2112.02 nan nan 2111.40 1.28 1.00
0.02 nan nan 0.01 0.00 0.00 0.66 2.13 2.13 2.13 2.13 2.13 0.01 0.01 0.93 1.91 0.62 0.00 0.00 0.00 2.12 2.12 2.12 2.12 nan nan nan nan nan 2.12 2.10 2.12 2.12 0.85 2.12 2.12 2.12 0.02 2.12 2.12 nan 2.12 2.12 2.12 0.00 2.12 nan nan nan 2.12 nan nan 2.12 nan nan 0.00 0.00 0.00 0.00 2.12 nan nan nan nan nan nan nan nan nan nan nan 15.88 2114.46 nan nan nan nan 19.08 1.00 1.00 6.22 2112.02 nan nan 2111.40 1.00 1.00
0.22 nan nan nan 2.13 2.13 2.13 2.13 2.13 2.13 2.13 2.13 0.44 0.92 2.13 2.13 1.06 0.01 0.00 0.00 0.00 nan nan 2.12 nan nan nan nan nan nan nan 2.12 2.12 2.12 2.12 2.12 2.12 2.12 2.12 2.12 2.12 2.12 2.12 0.01 0.00 2.12 nan nan nan nan nan 2.12 nan 2.12 2.12 0.05 0.00 0.01 0.00 2.12 nan nan nan nan nan nan nan nan nan nan nan 1.00 29.30 nan nan nan nan 12.15 1.00 1.00 2.21 nan 2112.02 10.24 12.91 1.00 1.00
0.02 nan nan nan nan 2.13 2.13 nan 2.13 2.13 2.13 2.13 0.00 2.13 2.13 2.13 2.13 0.01 0.00 0.00 0.08 nan nan nan nan nan 2.12 nan nan nan nan 2.12 0.13 2.12 2.12 2.12 2.12 2.12 nan 2.12 2.12 2.12 2.12 0.02 0.00 2.12 2.12 2.12 nan 2.12 nan nan nan nan 2.12 nan 2.12 2.12 0.01 nan nan nan nan nan nan nan nan nan nan nan 1.00 1.00 1.00 nan nan nan nan nan 792.66 1.00 4.27 756.99 1.00 1.15 1.65 1.00 1.00
0.00 2.13 nan nan 2.13 2.13 nan nan nan 2.13 2.13 0.16 0.00 0.00 2.13 2.13 0.02 0.00 0.00 0.00 nan nan nan nan nan 2.12 2.12 nan nan nan nan nan 2.12 2.12 2.12 2.12 0.04 2.12 0.25 0.00 2.12 nan 2.12 0.26 0.01 2.12 2.12 2.12 2.12 0.00 2.12 nan nan 2.12 nan nan nan nan nan nan 2.12 2.12 nan nan nan nan nan nan nan 2115.05 1.00 1.00 285.64 nan nan nan nan nan nan nan 2112.64 159.74 1.11 1.00 1.00 1.00 1.00
0.00 0.00 2.13 2.13 2.13 2.13 2.13 2.13 2.13 0.20 0.01 0.00 0.00 0.00 0.09 0.44 0.03 0.02 0.02 2.13 nan nan nan 2.13 2.13 2.13 2.13 nan nan nan nan nan nan nan nan nan 2.12 0.01 1.81 0.00 2.12 2.12 2.12 2.12 0.17 2.12 2.12 2.12 nan 0.02 nan nan nan 2.12 nan nan nan nan nan 2.12 2.12 2.12 nan nan nan nan nan nan nan 20.35 1.00 1.00 2115.61 2115.61 nan nan nan nan nan nan nan 467.74 1.00 1.00 1.00 1.00 1.00
0.00 0.00 0.00 0.00 2.13 2.13 0.00 0.00 0.00 0.00 0.00 0.00 0.00 0.00 0.01 0.13 1.87 0.04 0.02 2.13 nan nan nan nan 2.13 2.13 2.13 nan nan nan nan nan nan nan nan nan nan 2.12 2.12 1.93 2.12 2.12 2.12 2.12 2.12 2.12 2.12 2.12 nan 2.12 nan nan nan nan nan nan 2.12 2.12 nan 2.12 2.12 2.12 nan nan nan nan nan nan nan 2116.20 1.00 1.71 2115.61 nan nan nan nan nan nan nan 2113.80 2113.18 3.53 1.00 1.00 1.00 1.00
0.00 0.00 0.00 0.00 0.00 0.00 0.00 0.00 0.00 0.00 0.00 0.00 0.00 0.00 0.01 0.13 0.38 0.03 0.02 2.13 nan nan nan nan nan 2.13 nan nan nan nan nan nan nan nan nan nan nan 2.12 2.12 2.12 2.12 nan 2.12 2.12 1.90 2.12 2.12 nan 2.12 2.12 nan nan nan nan nan nan 0.14 0.00 2.12 0.00 0.03 2.12 nan 2.12 nan nan nan nan nan nan 2116.20 3.50 2115.61 2115.61 2115.01 2115.01 nan nan nan nan 2113.80 2113.18 29.49 1.00 1.00 1.00 1.00
0.00 0.00 0.00 0.00 0.00 0.00 0.00 0.00 0.00 0.00 0.00 0.00 0.00 0.00 0.02 0.01 0.00 0.01 0.02 0.07 2.13 0.92 nan nan nan 2.13 0.00 0.01 nan nan nan nan nan nan nan nan nan nan 2.12 2.12 2.12 nan 2.12 0.00 0.00 0.00 2.12 nan 2.12 2.12 nan nan 2.12 nan nan nan 0.07 2.12 1.42 0.00 0.12 2.12 2.12 2.12 2.12 nan nan nan nan nan nan 38.09 2115.61 2115.61 2115.01 2115.01 2114.41 23.00 nan 2113.80 nan nan 12.84 1.00 1.00 1.00 1.00
