OUTPUT-RE/DISPLACEMENTS/Dist_20th_475years/Disp_20th__Earthquake475m-04_PGA=3.70__Ru=0.27_20.txt
ncols         654
nrows         1178
xllcorner     514480
yllcorner     4496780
cellsize      20
nodata_value  -9999.0
[rows 608 to 645 of 1178, columns 87 to 173 of 654]
nan nan 1.76 0.72 0.00 0.00 0.00 96.81 26.49 141.33 1756.82 1756.82 1756.82 1756.21 1756.21 0.25 1.57 0.06 0.02 0.10 1.75 1.75 3463.77 6.44 5.19 27.89 530.38 3527.34 5257.11 nan nan nan 5255.12 5253.12 5253.12 5253.12 39.03 7.21 552.14 5249.07 5249.07 5247.01 88.34 179.06 4362.52 22.70 8.31 17.34 94.12 1837.62 66.84 18.53 23.59 8.83 3.00 5.54 17.84 107.63 1470.27 1231.78 2522.58 41.15 6.24 20.43 35.77 62.79 666.63 0.00 0.00 0.00 0.00 0.00 0.00 0.00 0.00 0.00 0.00 0.00 0.00 0.00 0.00 0.00 0.00 0.00 0.00 0.00 0.00
nan nan nan 1.76 0.00 0.00 0.00 0.00 3.45 73.12 1756.82 1756.82 1756.82 1756.21 1756.21 0.03 0.03 0.01 0.03 1.75 0.91 0.02 0.00 0.00 17.04 26.19 29.09 27.58 155.38 5257.11 nan 5255.12 5255.12 5253.12 2086.79 361.16 2810.44 5251.10 5249.07 5249.07 4104.43 4800.04 94.00 137.44 1659.60 53.87 17.37 19.22 43.48 139.27 34.29 12.47 41.64 59.54 9.98 15.00 23.04 142.04 1597.61 4.99 3.00 22.35 98.11 117.60 119.53 122.70 266.08 0.00 0.00 0.00 0.00 0.00 0.00 0.00 0.00 0.00 0.00 0.00 0.00 0.00 0.00 0.00 0.00 0.00 0.00 0.00 0.00
nan nan nan nan 0.01 0.00 0.00 0.00 4.94 1757.43 1756.82 1756.82 1756.82 1756.21 1756.21 1755.58 0.03 0.01 0.02 1.70 0.01 0.01 0.01 0.00 0.00 0.00 0.00 1627.00 1816.19 5257.11 18.68 52.34 5255.12 5253.12 3272.19 5253.12 5251.10 5251.10 5249.07 2103.93 2173.45 2237.22 2146.35 2298.41 2348.78 16.98 3.00 8.17 61.33 208.27 35.43 4.06 3.93 209.82 2442.99 1456.48 1972.82 52.92 25.66 904.74 5232.24 34.71 3.00 6.19 60.73 59.00 27.51 0.00 0.00 0.00 0.00 0.00 0.00 0.00 0.00 0.00 0.00 0.00 0.00 0.00 0.00 0.00 0.00 0.00 0.00 0.00 0.00
nan nan nan nan 1758.63 66.69 0.00 0.00 0.01 1757.43 1756.82 1756.82 1756.82 nan 299.42 7.39 1755.58 0.00 0.00 0.00 0.01 0.01 0.03 0.01 0.00 0.00 0.00 0.00 0.00 5257.11 3.00 3.00 283.80 5253.12 5253.12 5253.12 5251.10 5251.10 5249.07 2228.07 2297.63 2116.39 2217.32 2618.72 4.10 3.00 6.15 16.81 30.17 151.79 137.64 26.12 16.81 261.27 769.46 31.28 1330.64 3135.23 620.11 5232.24 5232.24 17.51 3.00 3.00 3.00 27.74 0.00 0.00 0.00 0.00 0.00 0.00 0.00 0.00 0.00 0.00 0.00 0.00 0.00 0.00 0.00 0.00 0.00 0.00 0.00 0.00 0.00
nan nan nan nan nan nan 1.00 0.00 0.01 1.73 1758.43 1758.43 1758.43 1757.82 1757.82 1757.20 5.69 1.00 0.00 0.00 1.01 1.76 0.00 0.00 0.00 0.00 0.00 0.00 0.00 0.00 0.00 0.00 nan nan 5258.01 5258.01 5256.00 5256.00 4894.89 4192.05 1653.35 45.94 38.86 8.62 5.17 4.95 13.12 17.24 17.06 59.84 112.96 31.74 7.66 127.04 2673.44 41.51 4013.62 5239.30 5239.30 5237.14 48.58 3.00 11.51 3.00 3.00 0.00 0.00 0.00 0.00 0.00 0.00 0.00 0.00 0.00 0.00 0.00 0.00 0.00 0.00 0.00 0.00 0.00 0.00 0.00 0.00 0.00 0.00
nan nan nan nan nan nan 1759.64 7.53 1.76 1.76 0.13 1013.83 1758.43 1757.82 7.66 50.11 1757.20 1.00 1.00 0.00 0.08 0.03 0.00 0.00 0.00 0.00 0.00 0.00 0.00 0.00 0.00 0.00 1.75 1.75 1.75 nan 5256.00 7.22 147.07 585.26 45.03 42.72 28.54 20.42 15.53 17.35 18.14 17.89 17.76 57.44 64.76 15.43 3.00 3.00 29.75 5241.43 5239.30 nan nan 3.00 16.72 3.95 3.00 0.00 0.00 0.00 0.00 0.00 0.00 0.00 0.00 0.00 0.00 0.00 0.00 0.00 0.00 0.00 0.00 0.00 0.00 0.00 0.00 0.00 0.00 0.00 0.00
nan nan nan 1760.23 nan nan nan nan nan nan 1.76 1.76 7.54 1197.92 2.91 1757.20 21.61 1.00 19.93 144.09 0.00 0.00 0.00 0.01 0.00 0.00 0.00 0.00 0.00 0.00 0.00 0.19 1.75 1.75 1.75 1.75 0.00 0.00 0.00 5.15 12.21 384.96 1225.39 22.86 18.49 18.32 18.23 17.97 17.77 1335.68 2780.24 23.56 21.64 5243.56 14.61 25.61 3370.03 2230.44 5239.30 3.00 0.00 0.00 0.00 0.00 0.00 0.00 0.00 0.00 0.00 0.00 0.00 0.00 0.00 0.00 0.00 0.00 0.00 0.00 0.00 0.00 0.00 0.00 0.00 0.00 0.00 0.00 0.00
1.76 nan nan nan nan nan nan nan nan nan nan nan 0.12 7.82 nan nan 1.00 1757.20 nan 826.65 58.34 0.00 0.01 0.32 0.01 0.01 0.00 0.00 0.00 0.00 0.28 1.75 0.01 1.75 1.75 0.15 0.12 0.00 0.00 0.00 0.00 0.00 0.00 3497.72 1251.62 18.42 18.23 18.05 19.09 1950.56 1489.81 17.40 17.34 18.51 620.22 1537.48 3.00 0.00 0.00 0.00 0.00 0.00 0.00 0.00 0.00 0.00 0.00 0.00 0.00 0.00 0.00 0.00 0.00 0.00 0.00 0.00 0.00 0.00 0.00 0.00 0.00 0.00 0.00 0.00 0.00 0.00 0.00
0.00 nan nan nan nan nan nan nan nan nan nan nan nan 1.76 nan 11.67 1757.20 nan nan 1756.57 1755.94 0.00 1.76 1.39 0.77 0.06 0.00 0.00 0.02 1.75 0.48 0.01 0.00 0.00 0.00 0.00 0.00 0.21 0.00 0.00 0.01 0.01 0.04 0.00 0.00 0.00 0.00 0.00 0.00 2003.04 839.75 0.00 0.00 0.00 0.00 0.00 0.00 0.00 0.00 0.00 0.00 0.00 0.00 0.00 0.00 0.00 0.00 0.00 0.00 0.00 0.00 0.00 0.00 0.00 0.00 0.00 0.00 0.00 0.00 0.00 0.00 0.00 0.00 0.00 0.00 0.00 0.00
0.00 1.76 nan nan nan nan nan nan nan nan nan nan nan nan 1759.44 1758.82 nan nan nan nan 1757.56 nan 1.76 1.76 1.76 1.76 0.01 1.49 1.76 0.00 0.01 14.43 1.31 0.00 0.00 0.00 0.00 0.00 0.01 0.03 0.05 1.75 1.75 0.00 0.00 0.00 0.00 0.00 0.00 0.00 0.00 0.00 0.00 0.00 0.00 0.00 0.00 0.00 0.00 0.00 0.00 0.92 0.01 0.00 0.00 0.00 0.00 0.00 0.00 0.00 0.00 0.00 0.00 0.00 0.00 0.00 0.00 0.00 0.00 0.00 0.00 0.00 0.00 0.00 0.00 0.00 0.00
0.00 nan nan nan nan nan nan nan nan nan nan nan nan nan nan nan nan nan nan nan 1757.56 1757.56 1757.56 1.76 0.34 0.02 1.76 1.76 0.00 15.29 1755.63 5.44 2.64 1.00 0.00 0.00 0.00 0.00 0.00 0.02 0.02 0.02 0.00 0.00 0.00 0.00 0.00 0.00 0.00 0.00 0.00 0.00 0.00 0.00 0.00 0.00 0.01 0.02 0.00 0.00 0.01 0.01 0.00 0.00 0.00 0.00 0.00 0.00 0.00 0.00 0.00 0.00 0.00 0.00 0.01 0.00 0.00 0.00 0.00 0.00 0.00 0.00 0.00 0.00 0.00 0.00 0.00
nan nan nan 1.76 nan nan nan nan nan nan nan nan nan nan 1759.44 1758.82 nan nan 31.40 1758.20 1514.79 1757.56 1757.56 8.63 0.00 0.17 1.76 0.00 1.00 1.00 1.00 1.00 1.00 1.00 1.00 0.00 0.00 0.00 0.01 0.00 0.01 0.02 0.01 0.00 0.00 0.00 0.03 0.00 0.00 0.00 0.00 0.00 0.00 0.00 0.82 0.07 0.00 0.00 1.75 0.03 0.00 0.04 0.01 0.00 0.00 0.00 0.00 0.00 0.00 0.00 0.00 0.00 0.00 0.00 0.04 0.00 0.00 0.00 0.00 0.00 2.00 2.00 0.00 0.00 0.00 0.00 0.00
nan 1.76 0.03 0.79 nan 1761.25 1761.25 nan nan nan nan nan nan nan 202.07 1758.82 nan 1758.82 1758.20 1758.20 1757.56 1757.56 1757.56 8.04 2.02 0.13 0.01 1.00 1.00 1.00 1.31 52.69 3.65 1.00 1.00 1.00 0.00 0.00 0.00 0.00 0.00 0.00 0.01 0.00 0.00 0.00 0.06 0.01 0.00 0.00 0.00 0.00 0.00 0.00 0.00 0.00 0.02 0.02 0.02 0.00 0.00 0.00 0.02 0.00 0.00 0.00 0.00 0.00 0.00 0.00 0.00 0.00 0.00 0.00 0.04 0.00 0.00 0.00 0.00 2.00 2.00 2.00 2.00 2.00 2.00 0.00 0.00
1.76 1.76 0.03 1.76 1.76 1762.86 1762.86 1762.86 nan nan 1761.67 nan 1761.67 nan nan nan nan nan nan nan 1759.20 nan 1759.20 1758.56 1758.56 0.00 0.01 1757.92 1138.15 21.90 808.72 1756.61 26.73 5.02 8.51 105.56 1755.28 0.01 0.00 0.00 0.01 0.01 0.01 0.01 0.01 0.03 0.01 0.01 0.01 0.00 0.00 0.00 0.00 0.00 0.00 0.00 0.00 0.00 0.00 0.00 0.00 0.02 0.02 0.02 0.01 0.01 0.00 0.00 0.00 0.00 0.00 0.00 0.00 0.00 0.01 0.00 0.00 0.00 85.96 6.33 2.00 2.00 2.00 2.00 2.00 2.00 2.00
nan 1.76 1.76 1.76 1.76 1.76 1762.86 14.82 nan nan nan 1761.67 1761.67 nan nan nan nan nan 1759.82 1759.82 1759.20 1759.20 1759.20 1758.56 1758.56 1757.92 1757.92 1757.92 1757.27 1757.27 1757.27 1756.61 12.34 14.93 1755.95 1755.95 1755.28 0.02 0.01 0.00 0.00 0.00 0.00 0.00 0.01 0.03 0.03 1752.55 1751.85 898.51 51.76 2.23 0.00 0.00 0.00 0.00 0.00 0.00 0.00 0.01 0.28 0.03 0.00 0.00 0.02 0.02 0.00 0.00 0.01 0.00 0.00 0.00 0.00 0.00 0.00 0.00 0.00 69.69 4.61 2.00 2.00 2.00 2.00 2.00 2.00 2.00 2.00
nan 1.76 1.76 nan 1.76 0.10 1762.86 1762.86 nan nan nan 1761.67 nan nan nan nan nan nan 1759.82 326.02 12.95 13.84 2.50 77.36 1758.56 1757.92 nan 1757.92 1757.27 1757.27 1757.27 1756.61 142.99 1755.95 1755.95 1755.95 1755.28 1755.28 0.01 0.00 0.00 0.00 0.00 0.00 0.07 1.75 1752.55 1752.55 1751.85 1751.85 18.39 7.28 56.09 75.70 3.26 0.00 0.00 0.00 0.00 0.01 0.02 0.02 0.00 0.00 0.01 0.01 0.02 0.01 0.00 0.00 0.00 0.00 0.00 0.00 0.00 0.00 0.00 9.32 2.00 2.00 2.00 2.00 2.00 2.00 2.00 2.00 2.00
1.76 1.76 nan 1.76 0.11 0.02 0.12 1762.86 nan nan nan 192.01 nan nan nan nan nan nan 1759.82 6.88 10.69 3.16 1.00 4.15 17.00 1757.92 nan nan 1757.27 1757.27 nan nan 1756.61 1755.95 1755.95 1755.95 1755.28 1755.28 0.01 0.00 0.00 0.00 0.01 1.75 0.50 0.01 1752.55 1752.55 847.80 1751.85 8.31 1.00 1.57 1.79 1.00 1.17 5.35 5.59 0.00 0.00 0.00 0.01 0.01 0.01 0.00 0.00 0.00 0.00 0.00 0.00 0.00 0.00 0.00 0.00 0.00 0.00 0.00 2.00 2.00 2.00 2.00 2.00 2.00 2.00 2.00 2.00 2.00
1.76 nan nan 1.76 1.23 0.00 0.01 1.29 1106.88 30.18 1761.67 267.65 nan nan 1761.06 nan nan 1760.45 nan 1759.82 18.84 3.16 1.81 1.00 1.11 626.16 1757.92 nan 1757.27 nan nan 1756.61 1756.61 1755.95 1755.95 1755.95 1755.28 1755.28 15.87 0.00 0.00 0.02 1.75 0.03 0.00 0.02 1752.55 932.12 14.84 43.95 31.76 1.00 1.00 1.28 1.00 9.52 7.13 1.79 1.68 2.57 13.61 0.01 0.03 0.13 0.08 0.00 0.01 0.00 0.00 0.00 0.00 0.00 0.00 0.00 0.00 0.00 0.00 0.00 0.00 0.00 2.00 2.00 2.00 2.00 2.00 2.00 2.00
1.77 nan nan 1.77 0.02 0.00 0.00 0.00 65.29 1.00 1.00 1763.29 nan 1762.69 nan nan 1762.08 1762.08 nan 1761.46 343.34 4.75 4.34 1.00 3.26 9.99 1759.56 338.04 1758.92 1602.05 1758.92 1758.26 1708.78 1757.60 1757.60 1757.60 1756.94 1756.94 5.73 0.00 0.00 0.02 0.00 0.00 0.00 0.01 1754.21 21.06 18.34 8.06 1.00 1.55 3.51 1.00 1.42 4.03 1.54 1.00 1.00 1.00 444.50 1749.95 1749.95 1749.95 1.75 0.06 0.00 0.00 0.00 0.00 0.00 0.00 0.00 0.00 0.00 0.00 0.00 0.00 0.00 0.00 0.00 2.00 2.00 2.00 2.00 2.00 2.00
1.77 nan 1.77 1.77 0.05 0.01 0.00 0.00 0.00 52.34 1.00 1763.29 1763.29 1762.69 nan 1762.08 nan nan nan 1761.46 12.42 8.84 12.32 9.70 6.13 1.54 3.53 22.87 4.14 6.00 1758.92 1758.26 29.57 464.65 1723.61 1757.60 35.28 61.37 96.53 18.58 0.00 0.00 0.01 0.00 0.00 0.01 15.94 3.19 52.39 1.00 1.00 1.00 1.00 2.08 3.74 4.38 1.42 1.00 3.33 8.96 1750.68 21.82 269.85 1749.95 1749.23 72.65 0.00 0.00 0.00 0.00 0.00 0.00 0.00 0.00 0.00 0.00 0.00 0.00 0.00 0.00 0.00 0.00 0.00 2.00 2.00 2.00 2.00
1.77 1.77 1.77 1.77 1.77 1.76 0.00 0.00 0.01 0.05 22.51 1763.29 nan nan nan nan 1762.08 1762.08 nan 1761.46 9.16 23.67 16.45 208.59 1.99 156.61 1.00 43.31 35.17 10.56 1758.92 1758.26 24.26 3.66 338.41 274.31 1.00 1.00 995.13 197.02 0.02 0.04 0.03 0.00 0.00 0.00 8.33 2.59 3.89 2.14 1.00 1.00 1.00 3.00 3.62 4.38 4.38 2.83 1.00 275.30 1750.68 8.50 3.58 98.83 757.04 1.00 1.00 650.90 61.34 0.00 0.00 0.00 0.00 0.00 0.00 0.00 0.00 0.00 0.00 0.00 0.00 0.00 0.00 0.00 0.00 2.00 2.00
1.77 0.02 1.77 1.77 1.77 1.76 1.76 0.01 0.01 0.00 0.06 1763.29 1763.29 nan nan nan 16.21 nan 1761.46 1761.46 1.43 1760.83 9.80 1760.20 12.81 1759.56 1759.56 1.00 1614.26 131.36 1758.92 1758.26 12.97 6.80 13.92 1.00 1.86 1.00 7.60 1756.27 1756.27 0.02 0.10 0.00 0.00 0.00 31.87 1.00 1.00 1.00 3.25 2.57 5.25 5.73 3.68 6.26 1.00 1.78 6.26 10.99 7.70 10.55 2.36 14.98 7.62 1.00 2.74 7.87 4.15 17.30 15.85 25.97 21.53 0.00 0.00 0.00 0.00 0.00 0.00 0.00 0.00 0.00 0.00 0.00 0.00 0.00 0.00
0.02 1.77 1.77 1.77 nan 1.77 1.77 0.34 0.00 0.00 0.03 1764.92 nan 796.17 422.60 nan 55.91 nan 18.81 nan 1.00 1762.48 1762.48 1761.85 1761.85 15.17 24.12 1761.21 32.15 162.60 1760.57 1759.92 19.21 1.00 1.00 1.00 9.22 1.00 1.87 268.33 1757.93 1757.25 0.02 0.22 0.01 0.01 0.00 1.00 1.00 1.00 2.62 27.06 26.75 28.12 28.65 38.59 46.32 90.89 1.00 1.00 1.00 1.00 2.46 3.38 1.00 1.52 5.95 1.00 1.17 4.75 2.83 2.93 4.11 1.00 1.00 1.00 0.00 0.00 0.00 0.00 0.00 0.00 0.00 0.00 0.00 0.00 0.00
1.77 1.77 1.77 1.77 nan 1.77 1.77 0.03 0.01 0.00 0.00 0.01 973.06 1.00 1.00 1.00 1763.71 nan 1.00 1763.10 1762.48 1762.48 nan 1761.85 1761.85 1.79 6.42 123.41 399.87 27.18 1760.57 7.26 2.02 1.00 1.00 3.80 17.88 1.00 2.27 631.55 1757.93 1757.25 1757.25 0.02 0.03 0.03 0.00 0.00 1.01 1.00 1.00 32.49 31.25 24.58 16.96 24.59 14.01 1.00 1.00 1.88 1.26 1.50 8.89 6.88 1.00 1.00 1.00 1.00 2.64 9.16 1.81 2.42 1.00 1.00 1.00 1.00 1.00 1.00 1.00 0.00 0.00 0.00 0.00 0.00 0.00 1.00 1.00
1.77 1.77 0.06 1.77 1.77 1.77 0.07 0.03 0.02 0.00 0.00 0.00 0.00 69.79 1.00 1.00 1763.71 1763.71 1.38 1763.10 nan 1762.48 nan 1761.85 1761.85 291.90 102.35 117.33 754.93 133.18 1.00 390.27 1759.92 4.26 4.30 4.29 24.67 2.08 6.32 10.56 12.02 102.37 1757.25 1756.57 1756.57 0.02 0.01 0.00 0.00 0.00 4.41 3.05 5.52 5.32 3.17 3.15 1.00 1.00 1.83 1.84 1.84 3.26 29.46 14.33 1.99 1.84 1.00 1.00 1.00 1.00 1.00 1.00 1.00 1.00 1.00 1.00 1.00 1.00 1.00 1.13 1.00 1.00 1.00 1.00 1.00 1.00 1.00
0.15 1.77 0.00 0.00 0.00 1.77 1.77 0.03 0.02 0.00 0.00 0.00 0.00 0.00 27.63 2.02 331.57 1763.71 1241.31 1763.10 nan 1762.48 1762.48 1761.85 1761.85 1761.21 77.89 22.19 6.16 6.09 7.02 1449.84 15.70 8.17 4.80 1.31 1.00 1.04 1.92 1.00 1.00 4.48 10.33 14.40 1.00 21.87 0.00 0.00 0.00 0.00 0.00 1.00 1.00 1.00 1.24 7.21 33.96 11.98 6.21 4.97 4.18 6.96 11.41 1.00 1.79 39.51 28.54 4.83 1.00 1.35 1.62 1.00 1.00 1.00 1.00 1.00 1.00 1.00 1.00 1.00 3.93 19.67 9.61 1.00 1.00 1.00 1.00
0.00 0.00 0.00 0.00 0.00 1.77 1.77 0.65 0.11 0.07 0.02 0.00 0.00 0.03 0.01 1.00 1184.80 1763.71 1763.10 1763.10 1762.48 1762.48 1762.48 1761.85 1761.85 139.52 20.05 1.34 1.00 1.00 10.36 1531.13 1759.92 213.24 1.00 1.00 1.00 1.00 1.00 1.00 1.00 17.30 1.00 1.00 1.00 30.98 2.38 0.00 0.00 0.00 0.00 0.00 1.00 1.00 1.00 1.00 1.00 2.98 18.37 20.07 20.07 29.02 27.56 2.91 1.00 3.69 4.99 24.48 1.81 1.00 3.11 9.67 1.54 1.00 1.00 1.00 1.00 1.00 1.00 1.00 1.00 1.00 4.56 2.36 1.30 1.00 1.00
0.00 0.00 0.00 0.00 0.00 0.00 1.77 1.77 1.77 1.77 1.77 0.07 0.01 0.00 0.00 0.02 nan 1765.35 1764.74 1764.74 nan 1764.13 1764.13 nan 1763.50 1762.87 1762.87 37.57 6.05 100.30 1762.23 nan nan 1760.93 1760.93 4.10 1.00 1.00 1.00 2.28 5.92 6.00 4.88 1.00 2.79 8.60 1.67 5.80 0.00 0.00 0.00 0.00 0.01 0.00 1.00 1.00 1.00 1.00 1.00 1.90 1.93 1.97 1.81 1.82 1.91 1.00 1.00 1.00 1.00 1.00 1.00 1.00 1.00 1.00 1.00 1.00 1.00 1.00 1.00 1.00 1.00 2.57 38.39 13.76 5.26 1.50 1.00
0.00 0.00 0.01 0.00 0.00 0.00 0.01 1.77 1.77 1.77 1.77 1.77 1.77 1.30 1.68 1.77 nan nan 1764.74 1764.74 1764.13 1764.13 1764.13 1763.50 1763.50 1762.87 1762.87 1762.87 1762.23 1762.23 1762.23 nan nan 1760.93 1760.93 1760.93 460.75 5.29 3.48 23.48 14.46 5.11 1.44 1.00 1.00 3.44 18.04 8.90 7.80 0.00 0.00 0.00 0.01 0.00 0.00 1.00 1.00 1.00 1.00 1.00 26.27 7.41 2.11 2.09 1.97 1.00 1.00 1.00 1.00 1.00 1.00 1.00 1.00 1.00 1.00 1.00 1.00 1.00 1.00 1.00 1.00 8.03 34.94 34.88 9.98 4.12 1.96
0.00 0.00 0.01 0.00 0.00 0.00 0.01 1.77 1.77 1.77 1.77 0.22 0.02 1.26 1.77 1.77 1.77 1765.35 1.33 43.04 1659.66 1764.13 1383.21 3.17 18.15 27.79 27.79 27.78 26.75 3.56 165.64 1761.58 1761.58 1760.93 1760.93 1760.93 1760.27 37.46 2.84 1.62 1.00 5.52 9.19 1.00 1.00 34.84 1757.56 4.49 8.15 0.00 0.00 0.00 0.00 0.01 0.00 0.00 1.00 1.00 1.00 1.00 4.48 1.66 1.30 3.05 2.51 2.21 1.00 1.00 1.00 1.00 1.00 1.00 1.00 1.00 1.00 1.00 1.00 1.00 1.00 1.00 1.00 10.66 32.67 30.96 28.79 35.80 30.71
0.00 0.00 0.02 0.00 0.00 0.00 0.00 1.77 1.77 1.77 1.70 0.03 0.02 1.41 0.21 1.77 1.34 0.00 1.00 7.30 38.40 188.70 27.75 5.75 12.80 27.70 28.59 28.59 26.49 10.25 16.74 1761.58 571.03 1034.66 1760.93 851.92 1683.77 109.11 5.46 8.31 2.86 7.39 12.53 6.08 18.55 198.64 667.67 13.34 1.16 5.91 0.00 0.00 0.00 0.00 0.00 0.00 0.00 1.00 1.00 2.62 1.00 1.00 1.00 1.00 1.00 1.21 1.00 1.00 1.00 1.00 1.00 1.00 1.00 1.00 1.00 1.00 1.00 1.00 1.00 1.00 1.00 1.87 7.68 12.11 20.98 28.47 28.24
0.00 0.00 0.01 0.00 0.00 0.00 0.00 0.02 1.77 1.77 0.10 0.02 0.02 0.00 0.10 1.77 0.00 0.01 29.54 2.20 14.79 42.98 133.11 264.18 35.45 26.76 27.78 27.78 27.95 5.37 1.50 69.79 7.30 54.34 1.70 1.00 1.00 3.97 9.79 7.81 30.94 9.69 22.12 65.47 13.03 466.92 1757.56 1757.56 1.00 1.00 0.00 0.01 0.00 0.00 0.00 0.00 0.00 0.00 1.00 1.00 2.30 1.00 1.00 1.00 1.00 1.00 1.00 1.00 1.00 1.00 1.00 1.00 1.00 1.00 1.00 1.00 1.00 1.00 1.00 1.00 2.01 1.94 2.24 2.97 18.93 53.96 43.58
0.00 0.01 0.20 0.00 0.00 0.00 0.00 0.00 0.00 0.01 0.03 0.02 0.02 0.00 1.77 0.01 0.01 1.77 0.00 2.34 7.58 33.54 1448.10 318.42 39.89 27.89 28.53 28.52 28.03 3.25 1.00 6.74 1.78 1.00 1.00 1.00 1.00 1.00 7.86 7.58 6.24 5.47 17.19 70.57 45.71 1759.94 1759.25 12.50 2.75 1.01 0.00 0.00 0.00 0.00 0.00 0.00 0.00 0.00 0.00 1.00 1.00 1.00 1.00 1.00 1.00 1.00 1.00 1.00 1.00 1.00 1.00 1.00 1.00 1.00 1.00 1.00 1.00 1.00 1.00 1.00 3.93 16.35 7.60 16.14 106.56 533.21 3.68
0.00 0.01 0.11 0.00 0.00 0.00 0.00 0.00 0.00 0.00 0.01 0.02 0.02 0.04 0.01 0.00 0.01 0.02 0.00 0.00 11.97 16.10 44.40 1200.98 38.37 26.99 27.72 27.72 40.32 6.29 1.00 2.99 1.92 1.00 1.00 1.00 2.09 1.00 1.08 6.66 1.70 8.12 4.24 34.59 10.98 1759.94 1759.25 52.73 3.79 5.03 5.67 0.00 0.00 0.00 0.00 0.00 0.01 0.00 0.00 0.00 0.00 3.12 1.00 1.00 1.00 1.00 1.00 1.00 1.00 1.00 1.00 1.00 1.00 1.00 1.00 1.00 1.00 1.00 1.00 1.00 1.00 1.00 2.31 82.32 131.73 11.36 4.65
0.00 0.01 0.01 0.00 0.00 0.00 0.01 0.00 0.00 0.00 0.00 0.00 0.00 0.00 0.00 0.00 0.00 0.01 0.00 0.00 0.00 15.55 1.74 1765.16 51.07 28.53 50.20 29.16 40.71 1.36 1.00 1.00 1.00 8.08 76.13 11.40 7.23 1.00 1.00 1.00 2.39 9.15 5.57 29.69 84.27 1759.94 1759.25 37.74 13.99 3.61 1.38 0.00 0.00 0.00 0.00 0.00 0.00 0.00 0.00 0.00 0.00 0.00 0.00 0.00 0.00 1.00 1.00 1.00 1.00 1.00 1.00 1.00 1.00 1.00 1.00 1.00 1.00 1.00 1.00 1.00 1.00 1.00 17.44 19.42 38.41 117.20 43.96
0.00 0.00 0.00 0.00 0.00 0.00 0.00 0.00 0.00 0.00 0.00 0.00 0.00 0.00 0.00 0.00 0.02 0.19 0.00 0.00 0.00 0.00 34.03 113.59 11.29 26.92 1764.54 17.62 1.00 1.00 1.00 1.00 1763.26 1762.61 29.48 18.90 5.53 3.54 1.00 1.00 23.01 11.60 918.89 1.00 7.82 1759.94 nan 1759.25 21.06 1.16 2.26 6.85 0.00 0.00 0.00 0.00 0.00 0.01 0.00 0.00 0.00 0.00 0.00 0.00 0.00 0.00 0.00 0.00 0.00 0.00 0.00 0.00 1.00 1.00 1.00 1.00 1.44 1.38 1.00 1.00 1.48 11.93 10.78 3.58 15.51 348.69 952.18
0.00 0.00 0.00 0.00 0.00 0.00 0.00 0.00 0.00 0.00 0.00 0.00 0.00 0.00 0.00 0.00 0.02 0.01 0.00 0.00 0.00 0.00 1767.45 1.00 2.01 14.50 9.00 4.90 1.00 1.00 1.00 nan nan 35.01 16.26 63.90 13.77 9.63 1.00 1.82 3.77 4.71 49.02 1.00 1.00 1761.63 nan nan 1760.26 2.36 5.06 8.34 37.57 0.00 0.00 0.00 0.00 0.01 0.01 0.00 0.00 0.00 0.00 0.00 0.00 0.00 0.00 0.00 0.00 0.00 0.00 0.00 0.00 0.00 0.00 0.00 0.00 0.00 2.34 1.02 1.00 2.73 4.16 2.46 225.33 317.62 5.36
0.00 0.00 0.00 0.00 0.00 0.00 0.00 0.00 0.00 0.00 0.00 0.00 0.00 0.00 0.00 0.00 0.00 0.00 0.00 0.00 0.00 0.00 0.00 1.00 2.59 1.00 1.00 1766.21 1765.58 1595.86 1765.58 nan 1764.94 5.22 28.26 47.79 56.72 5.53 1.00 1.00 1.00 2.19 1.00 1761.63 1761.63 nan nan nan 1760.26 1.00 3.53 7.91 9.47 0.00 0.00 0.00 0.00 0.01 0.01 0.00 0.01 0.00 0.00 0.00 0.00 0.00 0.00 0.00 0.00 0.00 0.00 0.00 0.00 0.00 0.00 0.00 0.00 0.00 0.00 0.00 0.00 0.00 0.00 0.00 0.00 0.00 1.00
