OUTPUT-RE/DISPLACEMENTS/Dist_20th_475years/Disp_20th__Earthquake475m-04_PGA=3.70__Ru=0.27_20.txt
ncols         654
nrows         1178
xllcorner     514480
yllcorner     4496780
cellsize      20
nodata_value  -9999.0
[rows 912 to 949 of 1178, columns 87 to 173 of 654]
0.23 0.07 0.02 0.00 0.00 0.00 0.00 0.00 0.00 0.05 nan nan nan 1.86 0.01 0.00 0.00 0.00 1.86 1.86 0.00 0.00 0.00 1.86 0.01 0.00 1.00 1.00 1.00 1.00 1.00 26.13 1855.81 nan nan nan 1.85 0.00 0.00 0.01 nan nan nan nan nan 1.85 0.00 0.00 0.00 0.00 1.85 0.32 1.85 1.85 1.85 0.00 0.00 0.00 0.00 1.85 nan nan nan nan nan 0.07 0.01 0.02 0.00 0.01 0.03 0.02 0.03 0.92 0.28 0.41 0.35 0.05 1.84 1.84 1.84 1.84 1.84 1.84 1.84 1.84 1.84
0.00 0.00 0.00 0.00 0.00 0.00 0.00 0.00 0.00 0.00 0.08 1.86 1.86 0.05 0.00 0.00 0.00 0.00 0.56 1.86 0.00 0.00 0.00 0.78 0.01 1.00 1.00 1.00 1.00 1.00 1.00 13.49 nan nan nan nan nan 1.85 nan nan nan nan nan nan nan nan 0.06 0.00 0.00 0.00 0.06 0.01 0.01 1.85 nan 0.05 0.00 0.00 0.00 nan nan nan nan 1.85 1.85 1.85 0.01 0.02 0.00 0.00 0.02 0.01 0.06 0.01 0.05 1.85 1.84 0.08 1.84 1.84 1.84 1.84 1.84 1.84 1.25 0.00 0.00
0.00 0.00 0.00 0.00 0.00 0.00 0.00 0.00 0.00 0.00 0.00 0.01 0.01 0.00 0.00 0.00 0.00 0.00 0.22 0.01 0.02 0.01 0.01 0.06 0.00 1.55 1.00 1.00 1.00 1.00 1.00 113.76 nan nan nan nan nan nan nan nan nan nan nan 1.85 1.85 nan 1.85 0.00 0.00 0.00 0.83 0.00 0.01 1.85 nan nan 1.85 0.27 nan nan nan nan 1.85 0.03 1.85 0.06 0.02 0.04 0.01 0.00 0.02 0.01 0.01 0.00 1.85 0.12 0.00 0.00 1.84 1.84 1.84 1.84 1.84 0.00 0.00 0.00 0.00
0.00 0.00 0.00 0.00 0.00 0.00 0.00 0.00 0.00 0.00 0.00 0.00 0.00 0.00 0.00 0.00 0.00 0.00 0.00 0.03 0.43 0.88 0.04 0.02 0.00 1.00 1.00 1.00 1.00 1.00 1.00 122.42 1855.81 1855.27 nan nan nan nan nan nan nan nan 1.85 0.04 0.02 0.05 0.96 1.85 0.03 1.14 0.11 0.00 0.01 0.22 nan nan nan nan nan nan nan 1.85 0.00 0.01 0.01 0.61 0.76 0.05 0.01 0.00 0.00 0.00 0.00 0.00 0.00 0.00 0.00 0.00 0.62 1.84 0.04 0.10 0.00 0.00 0.00 0.00 0.00
0.00 0.00 0.00 0.00 0.00 0.00 0.00 0.00 0.00 0.00 0.00 0.00 0.00 0.00 0.01 0.00 0.00 0.00 0.00 0.00 0.02 0.01 0.00 0.00 0.00 10.22 14.59 32.46 3.71 1.00 1.00 4.64 382.53 10.28 nan nan nan nan nan 1.86 1.86 1.85 0.05 0.00 0.00 0.01 0.21 1.85 1.85 1.85 1.85 0.00 0.34 1.85 nan nan nan nan nan nan 1.85 0.00 0.00 0.00 0.04 1.85 0.12 0.00 0.00 0.00 0.00 0.00 0.00 0.00 0.00 0.00 0.00 0.00 0.00 0.00 0.01 0.00 0.00 0.00 0.00 0.00 0.00
0.00 0.00 0.00 0.00 0.00 0.00 0.00 0.01 0.13 0.01 0.00 0.00 0.00 0.00 0.00 0.01 0.00 0.00 0.00 0.00 0.01 0.02 0.00 0.00 0.00 1.86 1858.21 1858.21 248.72 11.60 25.86 2.69 1857.16 1856.62 nan 1856.62 nan nan nan 1855.51 0.01 0.05 0.02 0.02 1.85 0.06 0.02 1.85 1.85 1.85 1.85 1.85 0.01 0.03 0.00 0.00 1.85 1.85 1.85 0.00 0.00 0.00 0.00 0.00 0.04 0.01 0.00 0.00 0.00 0.00 0.00 0.00 0.00 0.00 0.00 0.00 0.00 0.00 0.00 0.00 0.12 0.00 0.00 0.00 0.00 0.00 0.00
0.00 0.00 0.00 0.00 0.00 0.00 0.00 1.69 1.86 1.86 0.01 0.00 0.00 0.00 0.00 0.01 0.01 0.00 0.00 0.00 0.00 0.00 0.00 0.00 1.86 1.86 1.86 1.71 0.06 1151.96 2.63 nan nan 1856.62 1856.62 1856.62 nan nan 1855.51 1216.55 1855.51 1854.95 1854.95 1854.37 1854.37 1.13 1.85 1.85 0.08 1.85 1.85 1.85 0.00 0.00 0.00 0.00 0.00 0.00 0.00 0.00 0.00 0.00 0.00 0.00 0.00 0.00 0.00 0.00 0.00 0.00 0.00 0.00 0.00 0.00 0.00 0.00 0.00 0.00 0.00 0.00 0.10 0.45 0.00 0.00 0.00 0.00 0.00
0.00 0.00 0.00 0.00 0.00 0.00 0.00 1.86 nan nan 1.86 0.02 0.70 0.00 0.00 1.86 1.35 0.01 0.00 0.00 0.00 0.00 0.00 1.86 nan 1.86 1.86 1.86 1.86 0.00 1.68 1.86 1857.16 1856.62 1856.62 nan nan nan 1855.51 1855.51 1855.51 177.61 1854.95 1854.37 1854.37 nan 1853.79 0.00 0.00 0.01 0.01 0.00 0.00 0.00 0.00 0.00 0.00 0.00 0.00 0.00 0.00 0.00 0.00 0.00 0.00 0.00 0.00 0.02 0.00 0.00 0.00 0.00 0.00 0.00 1.00 1.00 1.00 0.00 0.00 0.00 1.85 0.90 0.00 0.00 0.02 0.02 0.01
0.00 0.00 0.00 0.00 0.00 0.00 0.00 nan nan nan 0.07 1.86 1.86 1.86 1.86 1.86 1.86 1.19 0.00 0.00 0.01 0.06 0.00 nan nan nan nan nan nan nan nan nan 1.86 1.86 1857.97 nan nan 1857.42 8.82 1856.85 1856.85 1856.28 1856.28 1855.71 1855.71 3.33 1.00 1.08 0.00 0.00 0.00 0.00 1.00 2.63 1853.31 1853.31 1852.69 1.00 1.00 0.00 0.00 0.00 0.00 0.00 0.00 0.00 0.01 0.40 0.06 0.02 0.00 0.00 1.00 1.00 1.00 1.00 0.00 0.05 0.01 0.00 0.00 1.28 0.05 0.00 0.01 0.02 1.85
0.01 0.00 0.00 0.00 0.00 0.00 1.86 nan nan nan 0.01 1.86 1.05 1.86 1.86 1.86 1.86 1.86 0.02 0.00 1.86 nan nan nan nan nan nan nan nan nan nan nan nan 1.86 1.86 1857.97 1857.42 27.00 2.79 98.32 1725.58 1719.06 1856.28 1.77 1.00 1.00 1.00 1.35 1.00 0.00 0.00 1853.92 1.00 1.00 1853.31 nan nan 1852.69 1.00 1.00 1.00 0.00 0.00 0.00 0.00 0.00 0.01 0.12 1.85 0.78 0.29 0.00 1.00 1.00 1.00 1.02 0.02 1.85 1.85 0.00 0.00 1.85 0.03 0.01 0.00 0.27 1.85
1.73 0.01 0.00 0.00 1.86 1.86 nan nan 1.50 nan 1.86 1.54 0.01 0.05 1.86 1.86 1.86 1.86 1.86 0.30 nan nan nan nan nan nan nan nan nan nan nan 1.86 1.86 0.03 0.00 0.01 1058.22 1.66 4.22 13.94 8.06 10.81 24.29 1.00 1.00 2.45 1.00 1.00 1.00 0.01 nan 1853.92 1.00 nan nan nan nan nan 1.98 1.00 1.00 0.00 0.00 0.00 0.00 0.00 0.02 0.18 1.85 0.27 1.85 1.85 1848.79 nan 1848.12 1848.12 0.00 0.00 1.85 0.00 0.02 0.01 0.05 0.01 0.00 1.85 1.85
nan nan nan nan nan nan nan nan 1.86 1.86 0.06 1.86 nan 1.86 1.86 1.86 1.86 0.01 1.86 nan nan nan nan 0.21 1.86 1.86 1.86 nan 0.13 0.00 0.00 0.00 0.00 0.00 0.00 0.00 0.00 1.00 1.00 3.72 2.02 1.00 1.00 1.00 1.00 23.86 22.13 1.00 1.00 1854.52 nan nan nan nan nan 1853.31 nan nan 1852.69 1.00 1.00 0.00 0.00 0.00 0.01 0.00 0.04 0.91 0.63 1.85 1.85 nan nan nan nan nan 0.00 0.00 0.01 0.00 0.69 0.00 0.02 0.01 0.00 0.29 1.85
nan nan nan nan nan 1.86 nan nan nan 1.86 1.86 nan nan 1.86 1.86 0.18 1.86 1.86 nan nan nan nan 0.00 0.00 0.00 0.00 0.61 1.86 1.86 0.00 0.00 0.00 0.00 0.00 0.00 0.00 0.00 1.00 1.00 1.04 1.00 1.00 1.00 1.00 1.00 6.38 1.40 1.00 3.34 9.23 nan nan nan nan 1.00 nan nan nan nan 1.00 0.00 0.00 0.00 0.00 0.00 0.00 1.85 1.85 0.05 1.85 1.85 nan nan nan nan nan 1.85 1.85 0.01 1.85 1.85 1.85 0.38 0.04 0.00 0.00 0.04
nan nan nan nan nan 1.86 nan nan nan nan nan nan nan nan 0.01 1.86 1.86 1.86 1.86 1.86 1.86 0.01 0.00 0.00 0.00 0.03 1.86 nan nan nan 1.86 0.46 0.00 0.00 0.00 0.00 0.00 0.00 1.00 5.92 13.06 33.04 4.40 1.00 1.00 1.00 1.00 1.00 1.00 1.00 1.00 nan nan nan 1.00 5.95 nan nan nan nan 0.06 0.03 0.00 0.00 0.01 0.00 0.09 0.05 0.00 0.01 1.85 1850.09 1850.09 nan nan nan 1.85 nan nan nan 1.85 nan 1.85 0.58 0.01 0.00 0.00
nan nan nan nan nan nan nan nan nan nan nan nan 0.00 1.86 nan nan nan 1.86 1.86 1.86 1.86 0.00 0.00 0.00 0.00 0.00 1.86 nan nan nan nan nan nan 0.02 0.00 0.00 0.00 0.00 1.00 1.00 4.20 12.52 42.29 1.00 1.00 1.00 1.00 1.00 1.00 1.00 91.15 nan nan nan 1854.63 11.06 nan nan nan nan 1.85 1.85 1.85 1.85 0.96 0.00 0.00 0.00 0.00 0.00 0.00 125.52 1526.64 21.78 1849.41 nan 1.85 1.85 1.85 1.85 1.85 1.85 1.85 0.47 0.16 0.01 0.00
nan nan nan nan nan nan nan 1.86 0.00 0.16 0.17 0.00 0.00 0.03 nan nan nan nan 1.86 0.04 0.00 0.00 0.00 0.00 0.00 0.00 0.00 1.86 1.86 nan nan nan nan nan 0.00 0.00 0.00 0.00 0.00 0.00 1.00 1.05 2.47 4.33 1.00 1.00 1.00 1.00 1.00 4.73 nan nan 1855.24 306.37 nan 1748.19 1854.00 1.85 1.85 1.85 1.85 1.85 1.85 1.85 0.00 0.00 0.00 0.00 0.00 0.00 1.00 10.76 210.69 1.00 4.71 1.85 1.85 1.85 1.85 1.85 0.10 1.85 0.21 0.27 1.85 0.08 0.00
nan 1.87 nan 1.87 1.87 nan 1.86 0.00 0.00 0.00 0.00 0.00 0.00 0.00 1.86 1.86 0.00 0.00 0.00 0.00 0.00 0.00 0.00 0.00 0.00 0.00 0.00 0.00 0.17 0.13 1.86 nan 1.86 1.86 1.86 0.00 0.00 0.00 0.00 0.00 0.00 0.00 0.00 1.00 1.00 1.00 1.00 1.00 2.01 nan nan 1855.24 9.26 7.11 1854.63 1854.63 1.85 1.85 1.85 1.85 1.85 1.85 1.85 1.85 0.00 0.00 0.00 0.01 0.01 0.00 72.20 1850.09 16.79 2.11 22.19 0.00 0.12 1.85 0.04 0.00 0.03 0.03 0.01 0.05 0.27 0.08 0.00
0.00 0.00 0.00 0.00 0.00 0.00 0.00 0.00 0.00 0.00 0.00 0.00 0.00 0.00 0.00 0.00 0.00 0.00 0.00 0.00 0.00 0.00 0.00 0.00 0.00 0.00 0.00 0.00 0.00 0.00 0.00 1.86 1.86 1.86 0.27 0.00 0.00 0.00 0.00 0.00 0.00 0.00 0.00 0.00 4.15 4.45 nan nan nan nan nan 904.95 315.29 1855.24 1854.63 1.85 1.85 1.85 1.85 0.34 1.85 1.85 1.85 1.85 0.00 0.00 0.00 0.00 0.00 436.51 1850.76 1850.09 588.72 29.32 8.36 0.00 0.00 0.01 0.00 0.00 0.00 0.00 0.02 0.02 0.02 0.03 0.00
0.00 0.00 0.00 0.00 0.00 0.00 0.00 0.00 0.00 0.00 0.00 0.00 0.00 0.00 0.00 0.06 0.01 0.00 0.00 0.00 0.00 0.00 0.08 0.01 0.00 0.00 0.00 0.00 0.00 0.00 0.00 1.86 1.86 1.86 0.02 0.00 0.00 0.00 0.00 0.00 0.00 0.00 0.00 2.05 1.00 1858.39 nan nan nan nan 1857.19 1.00 563.86 1856.57 1855.95 1.86 1.86 1.86 0.04 0.01 1.84 1.85 0.00 0.27 0.00 0.00 0.01 0.00 0.00 0.00 1852.07 1851.39 56.21 37.70 144.44 0.00 0.03 0.01 0.00 0.02 1.21 0.03 0.02 0.02 0.01 0.00 0.00
1.87 0.01 0.00 0.00 0.00 0.00 0.00 0.00 0.00 0.00 0.00 0.00 0.00 0.00 0.08 1.86 1.86 1.86 0.02 0.00 0.00 1.86 1.86 1.29 0.00 0.00 0.00 0.00 0.00 0.00 0.01 0.74 0.17 0.06 0.02 0.00 1.86 1.86 0.10 0.00 0.00 0.00 0.00 1.00 7.75 16.07 nan nan nan nan 1030.17 1.00 19.65 1856.57 1.86 1.63 1.86 0.25 0.02 0.07 0.03 0.02 0.00 0.00 0.00 0.00 0.00 0.00 0.00 0.00 1536.80 16.79 5.69 15.63 28.62 0.02 0.20 1.85 0.00 0.00 0.04 0.12 0.01 0.01 0.00 0.00 0.01
nan nan 1.87 0.00 0.00 0.00 0.00 0.01 0.00 0.00 0.00 0.00 0.00 0.01 1.86 1.86 1.86 1.86 1.86 1.86 nan nan 1.86 1.86 0.00 0.00 0.00 0.00 0.00 0.00 0.01 0.02 0.07 0.01 0.02 0.00 1.86 nan 1.86 0.00 0.00 0.00 1.00 1.00 7.20 1858.39 nan 19.23 1857.19 1857.19 6.74 1.00 1.00 0.00 0.01 1.86 1.73 0.02 0.03 1.46 0.06 0.01 1.85 0.09 0.00 0.10 0.00 0.00 0.00 0.00 161.75 4.05 2.89 17.68 66.77 0.02 0.17 1.85 1.85 0.00 0.00 0.01 0.00 0.00 0.00 0.00 0.00
nan nan nan 1.87 0.01 0.01 1.87 1.87 0.00 0.00 0.00 0.00 0.08 1.86 1.86 1.86 1.86 1.86 1.86 1.86 nan nan 1.86 0.01 0.00 0.00 0.00 0.00 0.00 0.00 0.01 0.00 0.00 0.01 1.86 1.86 nan nan nan nan 0.00 0.00 1.00 1.00 8.17 1858.39 1.57 1.00 1.00 1.00 1.00 1.00 0.00 0.00 0.00 0.10 0.00 0.00 0.09 1.85 0.10 1.85 1.85 1.85 0.00 0.00 0.00 0.01 0.00 0.00 5.46 24.65 19.33 25.92 1624.12 0.02 1.85 0.23 1.85 0.00 0.00 0.00 0.00 0.00 0.00 0.00 0.00
nan nan nan nan nan nan nan 1.87 nan 1.87 0.23 1.87 nan nan nan 1.87 1.87 1.66 1.87 1.87 nan nan 0.00 0.00 0.00 0.00 0.00 0.00 0.01 1.86 0.01 0.00 0.01 0.51 1.86 1.86 nan nan nan nan 1.86 3.55 1.00 1.00 1.14 1859.75 1.00 1.00 1.00 1.00 1.00 0.00 0.00 0.00 0.08 0.00 0.00 0.00 0.02 0.03 0.07 1.86 1.86 1.86 1.85 0.00 0.00 0.00 0.00 0.01 1.00 12.81 10.90 12.73 15.48 0.00 1.85 1.85 0.02 0.02 0.00 0.00 0.00 0.00 0.00 0.00 0.00
nan nan nan nan nan nan nan 1.87 nan nan nan nan nan nan nan nan 0.06 1.87 1.87 1.87 nan 0.00 0.00 0.00 0.00 0.00 0.00 0.00 0.87 1.86 1.86 0.01 0.30 1.86 1.86 1.86 0.00 0.01 nan nan nan 1860.34 1.00 1.00 1685.13 1859.75 1.00 1.00 1.00 1.00 0.00 0.00 0.00 0.00 1.86 0.02 0.00 0.00 0.08 0.06 1.86 1.86 nan 1.86 1.85 1.58 0.01 0.00 0.00 0.00 1.00 2.40 1.59 1.59 1.54 0.00 0.00 1.85 1.85 0.00 0.00 0.00 0.00 0.00 0.00 0.00 0.00
nan nan nan 0.01 1.04 1.87 nan nan nan nan nan nan nan nan nan nan nan nan 1.87 1.87 1.86 0.00 0.01 0.00 0.00 0.00 0.01 0.02 1.86 1.86 1.86 1.86 0.04 0.04 0.02 0.01 0.00 0.00 nan nan nan nan 3.43 15.91 nan 1.00 5.58 1.00 1.00 0.00 0.00 1.86 0.02 0.00 nan 1.86 0.00 0.00 1.86 1.80 1.64 0.07 1.86 nan 1.14 0.02 0.41 0.00 0.49 0.00 1.00 2.31 1.79 2.70 1.08 0.00 0.00 0.00 0.36 0.00 0.00 0.00 0.00 0.00 0.00 0.00 0.00
nan nan nan nan 0.00 1.87 nan 1.87 1.87 nan nan 1.87 1.87 1.87 nan nan nan nan nan 1.87 0.00 0.00 0.00 0.00 0.00 0.00 1.56 1.86 1.86 1.86 1.86 1.86 0.04 0.01 0.00 0.00 0.00 0.00 1.86 nan nan nan nan 1859.75 1859.75 1.00 1859.14 4.37 0.00 0.00 1.86 nan 1.86 0.01 nan nan 0.00 1.86 0.47 0.54 0.01 0.00 1.86 1.86 0.00 0.02 0.06 0.01 1.35 0.00 1.00 2.17 2.79 13.49 1.84 0.00 0.00 0.00 0.00 0.01 0.00 0.00 0.00 0.00 0.00 0.00 0.00
1.87 nan nan nan nan 1.87 1.87 1.87 1.87 1.87 1.87 0.21 0.01 0.01 nan nan nan 1.87 nan 1.87 0.02 0.00 1.86 1.86 0.85 0.08 1.86 1.86 0.94 1.86 0.04 0.00 1.42 0.03 0.00 0.00 0.00 0.00 43.77 nan nan nan nan nan 267.39 3.05 1859.14 1859.14 1.86 1.86 nan nan 1.86 1.86 nan nan nan 1.86 0.06 0.01 0.01 1.86 1.86 0.01 0.00 0.00 0.06 0.03 0.07 0.00 1.19 1.27 1.35 4.98 75.44 0.23 0.01 0.00 0.00 0.03 1.85 0.00 0.00 0.01 0.01 0.00 0.00
0.00 1.87 nan 1.87 nan 1.87 1.87 1.87 1.87 1.87 1.87 0.87 1.47 1.87 1.87 nan nan nan 1.87 1.87 1.87 1.87 1.87 nan 1.87 1.87 1.87 nan nan 1.86 0.00 0.00 0.00 1.86 0.04 0.00 0.00 0.01 1862.31 1862.31 nan nan 1861.72 1861.11 1861.11 10.55 1860.50 1860.50 1.86 1.86 nan 1.86 1.86 1.86 nan nan nan 1.86 1.86 1.34 1.86 1.86 nan nan 0.01 0.00 0.02 0.02 0.04 0.02 6.39 1.00 1.00 1.00 6.28 1.85 1.85 0.71 0.07 0.61 0.00 1.25 0.39 1.65 0.03 0.04 0.35
0.00 0.00 1.87 1.87 nan 1.87 1.87 1.87 1.87 1.87 1.87 1.87 1.87 1.87 nan nan nan nan nan 1.87 1.59 1.63 1.87 nan nan 1.87 1.87 nan nan nan 0.10 0.00 0.00 0.02 0.00 0.00 0.00 1862.90 1862.31 nan nan nan 1861.72 nan 1861.11 1861.11 1860.50 1.86 1.86 1.86 1.86 0.02 1.86 1.86 0.26 nan nan nan 1.86 0.10 1.86 1.86 nan nan 1.86 1.86 0.02 0.01 0.01 0.01 3.30 1.00 1.00 1.00 4.83 0.00 1.55 0.00 0.00 0.00 0.00 0.02 0.17 1.85 0.02 0.01 0.06
0.00 0.00 0.00 0.20 1.87 1.87 1.87 1.87 1.87 0.02 0.03 0.13 1.87 1.87 nan nan nan nan nan 1.87 0.00 0.00 1.87 1.87 1.87 1.87 1.87 nan nan nan 1.86 0.00 0.00 0.00 0.00 0.00 1.00 24.61 1862.31 nan nan nan nan nan nan nan 1860.50 1.86 1.86 1.86 1.86 1.53 nan nan 1.86 1.86 nan nan nan 1.86 1.86 1.86 1.86 1.86 1.83 0.01 0.01 0.00 0.00 0.00 2.21 1.00 1.00 1.00 7.90 0.00 0.00 0.47 0.00 0.00 0.00 0.00 0.05 0.09 0.00 0.00 0.00
0.00 0.00 0.00 0.00 0.00 0.00 1.87 0.03 0.02 0.00 0.00 0.00 1.87 1.87 1.87 nan 1.87 nan nan 1.87 0.00 1.87 1.87 1.87 1.87 1.87 1.87 1.87 nan nan nan 1.86 0.04 0.00 0.00 0.00 1.57 1862.90 1862.31 nan nan nan nan nan nan nan 1.86 nan nan nan nan 1.86 nan nan nan 1.86 1.86 nan nan 1.86 1.86 1.86 1.86 1.86 0.03 0.00 0.00 0.00 0.00 4.55 1.00 1.00 1.00 1.00 0.00 0.00 0.00 0.02 0.01 0.00 0.00 0.00 0.00 0.00 0.00 0.00 0.00
0.00 0.00 0.00 0.00 0.00 0.00 0.00 0.00 0.01 0.01 0.00 0.03 1.87 1.87 1.87 1.87 nan nan nan nan 1.87 nan 1.87 1.87 1.87 1.87 0.04 0.03 nan nan nan nan 1.87 1.86 0.16 1.00 1864.30 1864.30 nan nan nan nan nan nan nan nan nan nan nan nan nan nan nan nan 1.86 1.86 1.86 nan nan nan 1.86 1.76 1.86 0.05 0.00 0.00 0.00 0.00 0.00 35.24 1.00 1.00 1.57 1.00 0.00 0.00 0.00 0.00 0.00 0.00 0.00 0.00 0.00 0.00 0.00 0.00 0.00
0.01 0.01 0.00 0.00 0.00 0.00 0.00 0.00 0.00 1.42 1.87 1.87 1.87 1.87 0.02 0.00 1.87 nan nan 1.87 nan nan 1.87 1.87 1.87 1.87 0.00 0.00 nan nan nan nan 1.87 1.86 nan 1.00 1864.30 393.10 nan nan 1863.70 nan nan nan nan nan nan 1.86 nan nan nan nan nan nan 0.00 0.01 1.86 nan nan nan nan 1.86 0.01 0.05 0.00 0.00 0.00 0.00 0.00 230.60 3.17 1.00 1.00 1.00 0.00 0.00 0.00 0.00 0.00 0.00 0.00 0.00 0.00 0.00 0.00 0.00 0.00
1.87 0.02 0.00 0.00 0.00 0.00 0.00 0.00 0.00 1.87 1.87 1.87 1.87 0.02 0.00 0.01 1.87 1.87 1.87 1.87 nan nan 1.87 1.87 1.87 0.21 0.00 0.01 0.05 1.87 nan 1.87 1.87 nan nan 1324.85 1864.30 1.00 1863.70 nan 1863.70 1863.10 nan nan nan 1.86 1.86 1.86 1.86 nan 1.86 nan nan 0.01 0.00 0.00 0.01 0.03 nan nan nan nan 1.86 0.02 0.00 0.00 0.00 0.00 0.00 36.65 5.51 1.00 1.00 1.00 0.00 0.00 0.00 0.00 0.00 0.00 0.00 0.00 0.00 0.00 0.00 0.00 0.00
0.00 0.00 0.00 0.00 0.00 0.00 0.01 0.07 0.02 1.87 nan 1.87 0.19 0.01 0.24 1.87 1.87 1.02 0.00 1.87 nan nan nan 1.87 0.36 0.11 0.01 0.04 0.09 0.02 1.87 1.87 nan nan nan nan 1864.30 3.18 1863.70 1863.70 1863.70 1863.10 1863.10 nan 1.86 1.86 1.86 1.86 0.41 0.10 0.00 1.86 1.53 0.00 0.01 0.27 0.00 0.04 1.86 1.86 1.86 1.86 nan 1.86 0.00 0.00 0.00 0.00 35.82 48.13 4.69 1.00 1.00 1.18 0.00 0.00 0.00 0.00 0.00 0.00 0.00 0.00 0.00 0.00 0.00 0.00 0.00
0.00 0.00 0.00 0.00 0.06 1.87 1.87 0.00 0.00 1.65 1.87 1.87 0.35 1.87 1.87 nan 1.87 0.00 0.00 0.00 nan nan nan nan 1.87 0.08 0.01 0.08 1.87 1.87 0.02 nan nan nan nan nan 1864.30 1864.30 1863.70 nan nan nan 1863.10 1.86 1.86 1.86 nan nan nan 1.86 1.86 1.86 1.71 0.00 0.01 1.86 0.01 1.86 1.86 1.86 1.86 0.06 1.86 1.86 0.00 0.01 0.01 0.00 41.27 15.97 5.21 1.00 5.60 0.00 0.00 0.00 0.00 0.00 0.00 0.00 0.00 0.00 0.00 0.00 0.00 0.00 0.00
0.00 0.00 0.00 1.87 1.87 0.00 0.00 0.00 0.00 0.66 0.00 0.00 0.01 1.87 nan nan nan 0.00 0.00 1.87 nan nan nan nan nan 0.01 0.07 0.88 1.87 0.01 nan nan nan nan nan 1866.31 5.88 1865.71 nan nan nan nan nan 1.86 1.86 1.86 nan nan nan 1.86 1.86 1.86 1.86 0.02 0.71 1.86 1.86 1.86 1.86 0.05 1.86 1.86 0.04 0.23 0.02 0.00 0.28 0.01 11.25 5.40 3.15 1.00 10.97 0.00 0.00 0.00 0.00 0.00 0.00 0.00 0.00 0.00 0.00 0.00 0.00 0.00 0.00
0.00 0.00 0.00 0.00 0.00 0.00 0.00 0.00 0.00 0.00 0.00 0.00 0.00 0.12 nan nan nan 1.87 nan nan nan 1.87 1.87 nan nan 1.87 0.03 0.13 0.80 1867.48 1867.48 1866.89 nan nan nan 1866.31 15.55 nan nan nan nan nan 1.86 1.86 1.86 1.86 nan nan 1.86 nan 0.15 1.86 0.00 1.09 1.86 1.86 1.86 1.86 1.86 1.86 0.12 0.02 1.86 0.03 0.19 0.00 0.03 0.00 19.65 4.22 3.16 2.05 2.97 0.00 0.00 0.00 0.00 0.00 0.00 0.00 0.00 0.00 0.00 0.00 0.00 0.00 0.00
