OUTPUT-RE/DISPLACEMENTS/Dist_20th_475years/Disp_20th__Earthquake475m-06_PGA=3.91__Ru=0.27_20.txt
ncols         654
nrows         1178
xllcorner     514480
yllcorner     4496780
cellsize      20
nodata_value  -9999.0
[rows 418 to 455 of 1178, columns 348 to 434 of 654]
43.24 nan nan 1053.80 1053.80 1053.51 1.00 0.00 0.00 0.00 0.00 0.00 0.00 0.00 0.00 0.00 0.00 0.00 0.00 0.00 nan nan nan nan nan nan nan 1.05 0.00 1.05 1.05 nan 1.05 1.05 1.05 1.05 1.05 1.05 0.20 0.02 1.05 1.05 0.01 0.00 0.00 1.05 nan 1.05 nan 1048.49 1.05 1.05 nan nan nan nan 0.01 1.05 0.50 0.00 0.46 1.05 nan nan nan nan nan nan nan nan nan nan nan nan 1.05 1.05 nan nan nan nan nan nan nan nan nan nan nan
1.00 nan 1054.40 1054.40 696.06 1054.11 1054.11 1.00 0.00 0.00 0.00 0.00 0.00 0.00 0.00 0.00 0.00 0.00 0.00 1.05 1.05 1.05 1.05 nan nan nan 1.05 1.05 0.00 nan nan nan 1.05 1.05 1.05 0.12 0.01 0.00 1.01 1.05 0.18 0.03 0.00 1.00 1.00 nan nan nan nan nan 1049.09 nan 1.05 nan nan 1.05 0.04 0.03 1.05 1.05 nan nan nan nan nan nan nan nan nan nan nan nan 1.05 nan nan nan nan nan nan nan nan nan nan nan nan nan nan
1054.69 1054.69 1054.40 1054.40 75.34 1054.11 1054.11 1.00 2.30 0.00 0.00 0.00 0.00 0.00 0.00 0.00 0.01 0.02 1.05 0.04 0.02 1.05 1.05 nan nan nan nan 1.05 nan nan nan nan nan 1.05 1.05 0.05 0.01 0.04 0.06 1050.29 145.90 132.32 18.38 2.85 1049.69 624.07 nan nan nan nan 1049.09 1048.78 1048.78 1.05 nan 1.05 1.05 0.29 1.05 0.01 nan nan nan nan nan nan nan nan nan nan nan nan nan nan nan nan nan nan nan nan nan nan nan nan nan nan nan
1054.69 1.72 931.58 1054.40 1054.40 1054.11 1054.11 nan 1053.82 0.00 0.00 0.00 0.01 0.00 0.00 0.00 0.02 0.02 1.05 1.05 1.05 1.05 nan nan 1.05 1.05 0.02 nan nan nan nan nan nan 1.05 0.02 0.08 0.29 1050.59 1050.29 35.98 28.20 11.27 2.69 1.43 1049.69 1049.39 nan nan nan 1049.09 nan 1048.78 1048.78 1048.48 nan 1.05 1.05 0.00 0.03 0.00 0.00 nan nan nan nan nan nan nan nan nan nan nan nan nan nan nan nan nan nan nan nan nan nan nan nan nan nan
1054.69 1.00 1054.40 1054.40 1054.40 nan nan nan 1053.82 1.00 1.05 1.05 0.00 0.05 0.00 0.00 0.01 0.01 0.01 1.05 nan nan nan nan 1.05 1.05 1.05 nan nan nan nan nan nan nan 1050.89 1050.59 nan nan 1050.29 17.83 1.00 9.49 1049.99 209.64 1049.69 nan 1049.39 nan nan 1049.09 1049.09 1048.78 1048.78 350.11 1048.48 nan 0.00 0.00 0.00 0.00 0.00 nan nan nan nan nan nan nan nan nan nan nan nan nan nan nan nan nan nan nan nan nan nan nan nan nan nan
1055.29 6.67 49.03 1055.00 nan nan nan nan nan nan nan nan nan 0.00 0.00 0.00 0.00 0.00 0.00 0.01 nan nan nan nan 0.16 0.00 0.79 nan nan 0.00 1.05 nan nan nan nan nan nan nan nan 3.81 359.08 1050.58 nan 1050.28 1050.28 nan 1049.98 1049.98 1049.68 nan 1049.68 1049.38 1049.38 1049.07 1049.07 nan 1048.77 0.00 0.00 0.00 0.00 nan nan nan nan nan nan nan nan nan nan nan nan nan nan nan nan nan nan nan nan nan nan nan nan nan nan
90.44 1055.29 31.05 nan 1055.00 nan nan nan nan nan 1.05 1.05 nan 1.05 0.00 0.00 0.01 0.01 0.01 0.29 1.05 nan 1.05 nan nan 0.01 1.05 1.05 0.00 0.00 1.05 nan nan nan nan nan nan nan nan 1050.88 1050.58 nan nan 1050.28 1050.28 nan nan nan nan nan 1049.68 1049.38 1049.38 nan nan 1049.07 1048.77 2.90 1.00 0.00 0.00 1.05 nan nan nan nan nan nan nan nan nan nan nan nan nan nan nan nan nan nan nan nan nan nan nan nan nan
1.12 nan 1055.00 1055.00 1055.00 1054.71 nan nan nan nan nan nan nan 1.05 0.00 0.00 0.56 1.05 1.01 1.05 1.05 1.05 1.05 1.05 1.05 1.05 1.05 0.00 0.00 0.00 nan nan nan nan nan nan nan nan nan nan nan nan nan nan nan nan nan nan nan nan nan 1049.38 nan nan nan nan nan nan 1.36 1.00 92.95 nan nan nan nan nan nan nan nan nan nan nan nan nan nan nan nan nan nan nan nan nan nan nan nan nan nan
301.75 nan 1055.00 1055.00 1055.00 1054.71 1054.71 1054.42 0.00 0.00 nan nan nan nan 1.05 0.03 0.01 1.05 1.05 1.05 1.05 1.05 1.05 1.05 1.05 1.05 1.05 0.00 0.00 0.00 nan nan nan nan nan nan nan nan nan nan 1050.58 nan nan nan nan nan nan nan nan nan nan nan nan nan nan nan nan nan 1048.47 1.00 1048.47 nan nan 1.05 nan nan nan nan nan nan nan nan nan nan nan nan nan nan nan nan nan nan nan nan nan nan nan
1055.29 nan nan nan 1055.00 1054.71 1054.71 0.00 0.00 0.00 0.01 nan nan nan 1.05 1.05 1.05 1.05 1.05 0.55 1.05 1.05 1.05 1.05 nan 1.05 1.05 0.01 0.00 1.80 1051.78 nan nan nan nan nan nan nan nan 1050.88 1050.58 nan 1050.58 nan nan nan nan nan nan nan nan nan nan nan nan 1049.07 1048.77 1048.77 6.25 1.00 6.62 nan nan nan 1.05 nan nan nan nan nan nan nan nan nan nan nan nan nan nan nan nan nan nan nan nan nan nan
1055.88 nan nan nan 1055.60 240.48 0.00 0.00 0.00 0.00 0.03 1.05 1.05 1.05 0.15 1.05 1.05 nan 1.05 1.05 0.02 0.00 0.00 1.05 1.05 1.05 1.05 0.00 1.23 2.06 69.04 1052.37 nan nan nan nan nan 1051.77 20.90 18.83 1051.17 nan 1051.17 40.64 1050.87 nan nan nan 1050.27 nan nan nan nan 1049.66 nan nan 1049.36 62.68 25.60 995.56 nan nan nan nan nan nan nan nan nan nan nan nan nan nan nan nan nan nan nan nan nan nan nan nan nan nan nan
nan 1055.88 504.36 1055.60 1055.60 0.03 0.00 0.00 0.00 0.00 0.10 1.05 1.05 1.05 1.05 1.05 1.05 nan nan 1.05 0.00 0.00 0.00 0.00 0.57 1.05 1.05 1052.96 11.72 1.00 4.33 828.94 1052.37 nan nan nan nan 44.07 10.31 8.73 1051.17 1051.17 nan 1050.87 37.61 1050.57 1050.57 1050.57 1050.27 1050.27 nan nan nan nan nan nan 1049.36 2.50 nan nan nan nan 1.05 nan nan nan nan nan nan nan nan nan nan nan nan nan nan nan nan nan nan nan nan nan nan nan nan
nan 11.87 6.72 1055.60 1.06 1.06 1.06 0.16 0.08 0.17 1.05 0.26 0.28 1.05 1.05 1.05 nan nan nan 1.05 0.00 0.00 0.00 0.00 0.01 0.04 0.19 1052.96 1052.66 24.97 158.48 1052.37 1052.37 nan nan nan nan 1051.77 744.86 1051.47 1051.17 4.10 nan nan 128.81 1050.57 1050.57 1050.57 1050.27 nan nan nan nan nan nan nan nan 1049.36 1049.05 nan nan nan nan nan nan nan nan nan nan nan nan nan nan nan nan nan nan nan nan nan nan nan nan nan nan nan nan
1055.88 4.69 1055.60 1.06 1.06 1.06 1.06 1.06 0.01 0.00 0.06 1.05 1.05 0.82 1.05 nan 1.05 1.05 nan 0.05 0.01 1.05 0.08 0.01 0.00 0.00 4.25 927.86 1052.66 1052.66 1052.37 57.24 1052.37 nan nan nan nan nan nan nan 1022.01 1.00 22.81 nan 1050.87 969.90 1050.57 1050.57 1050.27 nan nan nan nan nan nan nan nan nan 15.27 nan nan nan nan nan 1.05 nan nan nan 1.05 nan nan nan nan nan nan nan nan nan nan nan nan nan nan nan nan nan nan
4.43 55.41 1055.60 0.30 1.06 1.06 1.06 1.06 0.35 0.00 1.05 1.05 1.05 1.05 nan 1.05 0.00 0.00 nan nan 1.05 1.05 0.00 0.00 0.00 4.87 389.08 1052.96 325.55 190.46 27.81 12.11 166.28 1052.07 1052.07 nan nan nan nan 1051.47 1051.17 15.39 1051.17 12.20 6.77 571.30 1050.57 nan nan nan nan 1049.96 1049.96 nan nan nan nan 1049.36 nan nan nan nan nan nan 1.05 nan nan nan nan 1.05 nan nan nan nan nan nan nan nan nan nan nan nan nan nan nan nan nan
14.94 1056.48 1.06 0.00 0.01 1.06 1.06 1.06 0.21 1.06 nan nan 1.06 1.06 0.18 0.00 0.00 0.01 nan nan nan 1.05 0.00 0.00 0.00 1053.55 1053.55 1053.55 7.47 2.11 7.60 53.31 1052.95 43.46 8.42 nan 1052.36 nan nan 1052.06 13.00 1051.76 1051.76 157.13 11.68 33.83 1051.15 nan nan nan nan nan 1050.55 1050.25 nan nan nan nan nan nan nan nan nan 1.05 nan nan nan 1.05 1.05 1.05 nan nan nan nan nan nan nan nan nan nan nan nan nan nan nan nan nan
178.56 1.06 1.06 0.01 1.06 nan nan nan 1.06 1.06 1.06 1.06 1.06 1.06 0.00 0.00 0.00 nan 1.05 nan nan 1.05 0.01 0.00 1053.84 1053.55 1053.55 302.98 1.00 2.64 1052.95 126.61 1052.95 1052.65 13.71 1052.36 1052.36 1052.36 nan 1052.06 1051.76 1051.76 1051.76 1.90 1051.46 1051.15 743.11 494.39 nan nan nan nan nan nan nan nan nan nan nan nan nan nan nan nan nan nan nan 1.05 1.05 1.05 nan nan nan nan nan nan nan nan nan nan nan nan nan nan nan nan nan
1.06 nan 1.06 1.06 1.06 nan 1.06 1.06 1.06 1.06 1.06 0.06 0.00 0.03 0.00 0.03 1.05 nan 1.05 nan 1.05 1.05 0.14 1053.84 1053.84 nan 1053.55 4.68 1.00 1.00 1052.95 1052.95 1052.95 1052.65 527.69 57.62 1052.36 1052.36 1052.06 1052.06 1051.76 nan 1051.76 1.00 1051.46 1051.15 336.69 35.71 836.93 nan nan nan nan nan nan nan nan nan 1.05 1.05 nan nan nan nan 1.05 1.05 nan nan nan 0.36 nan nan nan nan nan nan nan nan nan nan nan nan nan nan nan nan nan
nan nan 1.06 nan 1.06 1.06 1.06 1.06 1.06 1.06 0.06 0.06 0.03 0.04 0.00 nan nan 1.05 1.05 1.05 1.05 1.05 nan 1053.84 1053.84 1053.55 1053.55 nan 1.68 1.00 6.56 1052.95 1052.95 35.66 7.89 10.05 1052.36 193.13 1.92 nan 1051.76 1051.76 1051.76 1051.46 1051.46 1051.15 1051.15 1051.15 15.90 1050.85 nan nan nan nan 1050.25 nan nan nan 1.05 nan nan nan nan nan nan 1.05 nan nan 1.05 nan nan nan nan nan nan nan nan nan nan nan nan nan nan nan nan nan nan
1.06 1.06 nan nan 1.06 1.06 1.06 0.04 0.00 0.02 0.02 0.04 0.00 0.01 1.06 nan nan 1.06 1.06 1.06 nan nan nan 1054.43 1054.43 1054.13 1054.13 1054.13 1053.84 13.87 1.00 1053.54 1053.54 11.21 7.16 452.04 1052.94 53.49 1052.64 1052.64 613.44 1052.34 1052.34 1052.04 1052.04 1051.74 1016.27 956.22 42.18 2.85 nan nan nan nan 1.05 nan nan 1.05 1.05 nan nan nan nan nan nan nan nan 1.05 1.05 1.05 nan nan nan nan nan nan nan nan nan nan nan nan nan nan nan nan nan
1.06 1.06 nan 1.06 1.06 1.06 1.06 1.06 1.06 0.01 0.00 0.00 0.01 0.05 1.06 1.06 nan 1.06 0.21 nan 1.05 nan nan 1054.43 1054.43 1054.13 1054.13 1054.13 1053.84 2.29 1053.54 12.46 9.69 3.39 113.77 1052.94 1052.94 459.74 1052.64 1052.64 nan nan 1052.34 20.59 177.02 1051.74 850.24 12.54 13.99 8.26 4.62 1051.13 1.05 nan 1.05 nan nan nan nan nan nan nan nan 1.05 1.05 nan nan 1.05 1.05 nan nan nan nan nan nan nan nan nan nan nan nan nan nan nan nan nan nan
1.06 nan nan nan 1.06 nan 1.06 1.06 1.06 0.01 0.00 0.00 0.06 1.06 1.06 1.06 1.06 0.01 0.00 nan nan nan 1054.43 1054.43 1054.43 1054.13 129.74 1054.13 816.37 1.00 17.77 676.18 6.47 1.00 3.21 569.70 1052.94 1052.94 1052.64 1052.64 1052.34 1052.34 nan 1.51 1.00 1051.74 1051.74 1051.74 1051.43 1051.43 1051.43 1.05 1.05 1.05 1.05 nan nan nan nan nan nan nan nan nan nan 1.05 nan nan nan 1.05 1.05 nan nan nan nan nan nan nan nan nan nan nan nan nan nan nan nan
1.06 nan nan nan nan 1.06 1.06 1.06 1.06 1.06 0.03 0.18 0.01 1.06 1.06 1.06 0.00 0.00 0.03 nan nan nan 1054.43 nan nan nan nan nan 1053.84 1053.84 847.09 772.92 90.49 9.93 1.00 2.26 nan nan nan nan nan nan nan 1052.04 31.87 nan 1051.74 1051.74 1051.43 1051.43 1.05 1.05 1.05 1.05 1.05 nan nan nan 1.01 nan nan nan nan nan nan nan nan nan nan nan 1.05 nan nan nan nan nan nan nan nan nan nan nan nan nan nan nan nan
1.06 nan nan nan nan nan 1.06 nan nan nan 1.06 1.06 0.00 1.06 1.06 0.27 0.00 0.00 1055.02 nan nan nan nan 1054.43 nan nan nan nan nan nan 1053.54 1053.54 1053.54 1053.24 1.16 3.03 1052.94 nan nan nan nan nan nan 1052.04 1040.63 nan nan nan 1.05 0.08 0.01 1.05 1.05 1.05 1.05 1.05 nan nan nan nan nan nan nan nan nan nan nan nan nan nan nan nan nan nan nan nan nan nan nan nan nan nan nan nan nan nan nan
1.06 1.06 nan nan nan nan nan nan nan nan nan 1.06 1.01 1.06 1.06 0.00 0.00 0.00 1055.61 nan nan nan nan 1055.02 1055.02 1054.72 nan 1054.72 1054.42 1054.42 1054.12 1054.12 17.43 29.80 36.06 5.83 1.00 1053.52 1053.22 1053.22 1052.92 1052.92 1030.30 221.72 2.34 1052.32 1.05 nan nan 1.05 0.01 0.00 1.05 1.05 1.05 1.05 1.05 1.05 nan nan nan 1.05 1.05 1.05 1.05 nan nan nan 1.05 1.05 nan nan nan nan nan nan nan nan nan nan nan nan nan nan nan nan nan
1.06 1.06 nan nan nan nan nan nan nan 1.06 1.06 1.06 1.06 0.90 0.00 0.00 0.00 248.54 782.30 1055.61 1055.31 1055.31 1055.02 1055.02 1055.02 34.62 1054.72 1054.72 1054.42 5.67 6.71 34.68 20.45 5.76 26.47 4.96 1.26 2.27 9.12 1053.22 1052.92 0.01 0.00 0.00 0.00 1.05 1.05 nan nan 1.05 0.03 0.00 0.00 1.05 0.02 0.00 1.05 nan nan nan nan nan 1.05 1.05 1.05 nan 1.05 1.05 1.05 1.05 nan nan nan nan nan nan nan nan nan nan nan nan nan nan nan nan nan
1.06 1.06 1.06 nan nan nan nan nan nan nan 1.06 1.06 1.06 1.06 0.00 0.00 4.07 1055.61 497.13 47.02 1055.31 1055.31 1055.02 1055.02 1055.02 1054.72 1054.72 1054.72 5.08 1.00 3.31 30.13 80.37 67.38 28.31 3.89 1.00 15.86 1053.22 0.07 0.00 0.00 0.00 0.01 0.12 1.05 1.05 nan 1.05 1.05 1.05 0.01 0.00 0.01 0.04 0.11 1.05 1.05 1.05 nan nan nan 1.05 1.05 1.05 1.05 nan 1.05 1.05 1.05 1.05 nan nan nan nan nan nan nan nan nan nan nan nan nan nan nan nan
1.06 1.06 1.06 1.06 nan nan 1.06 nan nan nan nan 1.06 nan 0.71 0.00 15.71 16.74 379.38 1055.61 33.66 26.45 1055.31 1055.02 1055.02 1055.02 1054.72 1054.72 79.58 1.00 1.00 2.08 106.37 39.59 24.39 34.96 2.84 3.70 0.00 0.01 1.05 1.05 0.18 0.24 0.26 1.05 1.05 1.05 1.05 1.05 1.05 1.05 0.51 0.02 0.02 0.01 0.00 0.00 1.05 1.05 nan nan nan nan 1.05 1.05 1.05 1.05 1.05 1.05 1.05 1.05 nan nan nan nan nan nan nan nan nan nan nan nan nan nan nan nan
1.06 1.06 1.06 1.06 1.06 1.06 1.06 1.06 1.06 1.06 1.06 1.06 1.06 1.06 3.44 3.05 112.97 44.03 36.59 1056.20 1055.90 1055.90 1055.60 1055.60 1055.60 1055.30 3.97 1.00 1.00 1.13 21.54 7.15 5.61 12.38 61.84 7.13 0.00 0.00 0.00 0.00 1.05 1.05 1.05 1.05 1.05 1.05 1.05 1.05 1.05 1.05 1.05 0.09 0.00 0.00 0.00 0.01 0.03 1.05 0.01 1.05 nan nan nan 1.05 1.05 1.05 1.05 1.05 1.05 1.05 nan nan nan nan nan nan nan nan nan nan nan nan nan nan nan nan nan
0.00 1.06 1.06 1.06 0.05 0.34 1.06 1.06 1.06 1.06 1.06 1.06 0.01 1056.79 1056.79 1.00 29.07 1056.20 1056.20 1056.20 1055.90 1055.90 1055.60 1055.60 332.98 17.59 1055.30 1055.30 1.00 1.00 53.97 7.44 5.27 16.63 91.16 0.00 0.00 0.00 0.00 0.00 0.00 1.05 1.05 1.05 0.15 1.05 1.05 nan nan 1.05 1.05 1.05 0.00 0.01 0.01 0.02 0.02 0.13 1.05 1.05 nan nan nan 1.05 1.05 1.05 1.05 0.05 1.05 1.05 1.05 nan nan nan nan nan nan nan nan nan nan nan nan nan nan nan nan
0.00 1.06 nan 1.06 0.28 0.02 0.01 0.00 1.06 1.06 1.06 0.04 1056.79 707.07 5.71 1056.49 1056.49 1056.20 158.13 914.49 1055.90 1055.90 23.24 19.51 17.39 11.78 1055.30 nan 1055.00 1.00 3.14 69.33 16.67 1.00 0.00 0.00 0.00 0.00 0.00 0.00 0.00 0.78 1.05 1.05 1.05 1.05 1.05 1.05 1.05 1.05 1.05 1.05 1.05 0.02 0.02 217.41 1051.68 6.72 13.66 nan nan nan nan nan 1.05 1.05 1.00 0.01 0.00 0.00 0.00 nan nan nan nan nan nan nan nan nan nan nan nan nan nan nan nan
0.00 1.06 1.06 1.06 1.06 0.06 0.00 0.00 1.06 1.06 1.06 1057.08 1056.79 1056.79 1056.79 1056.49 1056.49 nan 1056.20 1056.20 1055.90 1.71 1.00 1.00 65.21 1055.30 1055.30 1055.30 nan 1055.00 1.38 2.51 1.00 1.00 0.00 0.00 0.00 0.00 0.00 0.00 0.00 1.00 1.05 1.05 1.05 0.14 1.05 1.05 1.05 1.05 1.05 1.05 nan 1051.98 313.93 126.01 263.86 3.46 9.82 13.20 nan nan nan nan 1.05 0.39 0.00 0.00 0.00 0.00 0.00 1.05 nan nan nan nan nan nan nan nan nan nan nan nan nan nan nan
0.00 1.06 1.06 1.06 1.06 1.06 0.01 0.00 0.00 1.06 0.43 1057.08 nan nan 22.12 1056.49 nan nan nan 1056.20 1.00 1.00 1.00 2.41 206.08 1055.30 nan nan 1055.00 325.83 1.00 1.00 1.00 0.00 0.00 0.00 0.00 0.00 0.00 0.00 0.00 1.05 1.05 0.00 0.00 1.01 0.01 1.05 1.05 nan nan nan nan 37.44 25.97 31.36 27.57 23.91 1.00 1.00 nan nan nan nan 1050.76 0.00 0.00 0.00 0.00 0.02 1.05 1.05 1.05 nan nan nan nan nan nan nan nan nan nan nan nan nan nan
0.00 0.49 0.18 1.06 1.06 1.06 1.06 0.00 0.00 0.00 1.06 1057.67 1057.37 1057.37 1057.37 nan nan nan nan nan 1056.48 4.43 107.73 109.46 1056.18 1055.88 nan nan 1055.58 3.43 44.47 50.79 0.00 0.00 0.00 0.00 0.00 0.00 0.00 0.00 0.00 1.05 0.10 0.00 0.00 0.38 0.01 728.98 nan nan nan nan nan 27.34 45.53 23.87 2.70 6.04 1.00 1.00 1051.94 nan nan nan nan 0.00 0.02 0.06 0.02 0.03 1.05 nan 1.05 0.01 nan nan nan nan nan nan nan nan nan nan nan nan nan
0.00 0.01 1.06 1.06 1.06 0.03 0.01 0.00 0.00 0.05 1057.67 1057.67 1057.37 397.42 1.94 1057.08 nan nan nan nan nan 1056.48 766.31 14.02 1.00 1.00 15.90 1055.88 1055.58 1055.58 0.02 0.02 0.00 0.00 0.00 0.00 0.00 0.00 0.00 0.00 0.00 0.00 1.05 0.07 0.01 1053.47 1053.47 1053.47 nan nan nan nan nan 16.80 40.80 10.51 3.08 1.00 1.00 1.00 77.26 nan nan nan nan 1051.33 0.97 0.71 0.06 0.86 1.05 1.05 1.05 1.05 nan nan nan nan nan nan nan nan nan nan nan nan nan
0.00 0.00 0.00 0.49 0.10 0.01 0.00 0.00 0.00 0.05 1057.67 1057.67 nan 1057.37 3.96 4.76 nan nan nan nan nan 1056.48 1.00 1.00 1.00 1.00 1.86 1055.88 1055.58 1.06 0.02 0.01 0.00 0.00 0.00 0.00 0.00 0.00 0.00 0.00 0.00 0.00 121.11 1053.77 280.92 1053.47 1053.47 1053.47 1053.16 nan nan nan nan 2.25 18.42 35.10 17.64 3.26 1.00 2.56 1051.94 nan nan nan nan 1051.33 0.04 0.04 0.07 0.01 0.86 nan nan 1.05 nan nan nan nan nan nan nan nan nan nan nan nan nan
0.00 0.00 0.00 0.00 0.00 0.00 0.00 0.00 0.00 6.37 1057.67 1057.67 1057.37 1057.37 229.68 2.28 1057.08 nan nan nan nan 1056.48 648.46 124.18 2.59 1.00 35.53 6.50 0.01 0.02 0.00 0.00 0.00 0.00 0.00 0.00 0.00 0.00 0.00 1.00 1.00 3.34 1011.98 1053.77 15.52 nan nan nan nan nan nan nan nan nan nan 1052.55 1052.25 1052.25 680.57 184.47 498.64 nan nan nan nan nan nan 1.05 1.05 1.05 1.05 1.05 nan nan nan nan nan nan nan nan nan nan nan nan nan nan nan
0.00 0.00 1.61 1.00 1.00 0.00 0.00 0.00 84.22 648.50 1057.67 nan nan nan nan 676.84 1057.08 1056.78 nan nan nan nan nan 1056.18 1.00 1.00 0.00 0.00 0.00 0.00 0.00 0.00 0.00 0.01 0.00 0.00 0.00 9.74 9.02 2.32 1.00 1.00 3.66 1053.77 1053.77 nan nan nan nan nan nan nan nan nan nan 1052.55 1052.25 1052.25 1051.94 1051.94 1051.94 1051.63 nan nan nan nan nan 1.05 1.05 1.05 nan 1.05 nan nan nan nan nan nan nan nan nan nan nan nan nan nan nan
