OUTPUT-RE/DISPLACEMENTS/Dist_20th_475years/Disp_20th__Earthquake475m-05_PGA=3.11__Ru=0.27_20.txt
ncols         654
nrows         1178
xllcorner     514480
yllcorner     4496780
cellsize      20
nodata_value  -9999.0
[rows 39 to 77 of 1178, columns 348 to 434 of 654]
2.08 0.02 0.00 0.00 0.00 0.00 2.00 2.08 1.20 1.94 1.94 0.19 0.00 0.00 0.06 2.07 2.07 2.07 2.07 0.01 0.01 0.00 0.00 0.03 0.01 0.01 0.02 0.01 0.00 0.00 0.00 0.00 0.00 0.00 0.00 0.00 0.00 0.00 0.00 0.00 0.00 0.00 0.00 0.00 2.07 nan nan nan nan nan nan 2.07 2.07 nan 2.07 2.07 2.06 2.06 nan nan nan nan 2.06 2.06 2.06 nan nan nan 2.06 0.01 0.00 0.01 0.01 0.00 0.00 0.00 0.00 1.00 1.00 4.88 1062.61 1475.83 7.44 1.51 6.71 0.00 0.00
2.08 0.02 0.00 0.00 0.00 0.00 0.00 2.08 2.08 2.08 2.08 1.74 0.00 0.00 0.00 0.01 1.94 2.07 0.23 0.00 0.00 0.00 0.00 0.03 0.00 0.00 0.01 0.00 0.00 0.00 0.00 0.00 0.00 0.00 0.00 0.00 0.00 0.00 0.00 0.00 0.00 0.00 0.03 2.07 nan nan nan nan nan nan nan 2.07 nan 2.07 2.07 2.07 2.06 nan 2.06 2.06 2.06 nan nan nan 2.06 2.06 nan nan 0.00 0.00 0.00 0.00 0.00 0.00 0.00 0.00 0.00 1.00 537.72 1.00 2058.57 2057.90 270.45 8.92 21.72 0.00 0.00
2.08 0.01 0.00 0.00 0.01 1.07 0.03 0.01 2.08 2.08 2.08 2.08 0.00 0.00 0.00 0.00 0.02 0.67 0.02 0.00 0.00 0.00 0.00 0.00 0.00 0.00 0.00 0.00 0.00 0.00 0.00 0.00 0.00 0.00 0.00 0.00 0.00 0.00 0.00 0.00 0.00 0.00 2.07 nan nan nan nan nan nan 2.07 2.07 nan nan 2.07 2.07 2.07 2.06 2.06 2.06 2.06 2.06 2.06 2.06 0.10 2.06 2.06 nan 0.00 0.00 0.00 0.00 0.00 0.01 0.00 0.00 0.00 0.01 2059.60 103.13 2058.93 2058.93 nan 2058.26 1092.90 358.98 34.90 0.00
1.37 0.00 0.00 0.01 0.03 0.02 0.02 0.02 0.05 0.01 0.00 0.03 0.05 0.00 0.01 0.03 0.01 0.04 0.00 0.00 0.00 0.00 0.00 0.00 0.00 0.00 0.00 0.00 0.00 0.00 0.00 0.00 0.00 0.00 0.00 0.00 0.00 0.00 0.00 0.00 0.09 2.07 2.07 nan nan nan nan nan nan nan nan nan nan 2.07 2.07 2.07 2.06 2.06 2.06 2.06 0.00 0.00 2.06 2.06 nan nan 0.15 0.00 0.00 0.00 0.00 0.00 0.17 0.00 0.00 2.06 0.03 2059.60 4.97 614.14 2058.93 2058.26 1861.25 1996.27 5.00 1.00 0.00
2.08 2.08 0.12 0.01 0.01 0.02 0.02 0.02 0.00 0.00 0.00 0.00 0.02 0.02 0.10 0.03 0.01 2.07 0.03 0.00 0.00 0.00 0.00 0.00 0.00 0.01 0.00 0.00 0.00 0.00 0.00 0.00 0.00 0.00 0.00 0.00 0.00 0.00 0.00 0.00 0.21 2.07 2.07 2.07 nan nan nan nan nan nan nan nan 2066.27 5.93 0.00 2.07 2.06 2.06 2.06 2.06 2.06 2.06 0.02 2.06 nan nan 0.02 0.00 0.00 0.00 0.00 0.00 0.00 1.50 2.06 2.06 0.01 2059.60 972.73 14.14 1919.30 26.11 2058.26 257.59 1.00 1.00 1.19
2.08 2.08 2.08 0.51 0.00 0.07 0.02 0.00 2.91 12.90 10.81 24.81 0.02 0.00 0.01 1.69 2.08 2.07 0.08 0.00 0.00 0.00 0.00 0.00 0.01 2.07 0.00 0.00 0.00 0.00 0.00 0.00 0.00 0.00 0.00 0.00 0.00 0.00 0.00 0.00 0.02 2.07 2.07 2.07 nan nan nan nan nan nan nan nan 1.00 208.66 9.24 2065.61 0.04 0.63 2.06 2.06 2.06 0.00 2.06 2.06 2.06 2.06 0.00 0.00 0.00 0.00 0.00 0.00 0.00 1.38 2.06 2.06 1.83 0.05 2059.60 11.12 2038.10 2058.26 2058.26 1.35 1.15 1.00 1.00
2.08 2.08 2.08 0.00 0.00 0.00 1.19 2.65 13.02 18.75 3.97 19.48 2.36 0.00 2.08 2.08 2.08 nan 2.07 0.00 0.00 0.00 0.00 0.00 0.00 1.42 0.33 0.00 0.00 0.00 0.00 0.00 0.00 0.00 0.00 0.00 0.00 0.00 0.00 0.00 0.00 1.14 2.07 nan nan nan nan nan 2066.92 nan nan nan 34.00 2065.61 2065.61 2065.61 2064.94 1.30 0.05 0.13 2.06 2.06 0.02 0.05 0.14 0.00 0.00 0.00 0.00 0.00 0.00 0.00 0.00 0.02 2.06 2.06 2.06 0.05 1815.90 3.78 28.67 nan 2058.26 93.77 70.63 1.01 1.00
2.08 2.08 2.08 0.04 1.00 1.00 1.00 1.00 1.00 1.00 16.59 8.37 5.59 4.81 0.09 nan nan nan 2.08 0.00 0.00 0.00 0.00 0.00 0.02 2.07 2.07 1.27 0.00 0.00 0.00 0.00 0.00 0.00 0.00 0.00 0.00 0.00 0.00 0.00 0.00 0.02 nan nan nan nan nan nan 2067.33 nan nan 2066.67 23.28 2066.01 2066.01 2066.01 2065.34 2065.34 0.00 0.01 0.25 2.06 2.06 2.06 2.04 2.06 2.06 0.02 0.00 0.00 0.00 0.00 0.00 0.00 0.11 2.06 2.06 0.36 40.63 1.00 1171.37 2058.64 1077.52 2057.55 2.28 1.00 1.00
0.01 0.02 0.00 2078.67 2078.67 5.18 3.19 1.00 1.00 3.42 2076.87 53.09 51.52 1.80 8.72 nan nan nan nan 2.08 0.00 0.01 0.42 2.07 2.07 2.07 2.07 2.07 0.02 0.00 0.00 0.00 0.00 0.00 0.00 0.00 0.00 0.00 0.00 0.00 0.00 0.02 nan nan nan nan 2067.99 2067.99 2067.33 2067.33 nan nan nan 2066.01 2066.01 869.53 1868.29 1.26 4.60 0.00 0.02 2.06 2.06 0.07 0.03 2.06 0.01 0.00 0.00 0.00 0.00 0.00 0.00 0.00 0.00 0.01 0.00 0.00 2059.98 64.04 1.95 2058.64 2058.64 963.44 1.00 1.00 1.00
0.00 20.70 157.54 35.95 2078.67 2078.08 1920.25 2077.48 12.32 9.80 2076.87 2076.87 5.67 5.20 2008.73 nan nan nan nan nan 2.07 1.26 2.07 2.07 2.07 nan nan 2.07 2.07 0.01 0.00 0.00 0.00 0.00 0.00 0.00 0.00 0.00 0.00 0.00 0.00 0.00 nan nan nan 2067.99 2067.99 nan nan 2067.33 nan nan nan nan 2066.01 13.64 1.00 1.00 19.79 2064.68 0.00 0.00 0.12 2.06 2.06 0.07 0.00 0.00 0.00 0.00 0.00 0.00 0.00 0.00 0.00 0.00 0.00 0.00 4.04 2059.31 2.22 nan 2058.64 2058.64 905.50 4.57 1.00
1.00 1.00 1.00 1.59 7.53 10.73 18.09 2077.48 1833.92 1.02 3.60 2.28 1.00 1.00 1.00 1.00 2075.65 2.08 nan nan 2.07 0.96 0.00 0.00 2.07 2.07 2.07 2.07 2.07 0.00 0.00 0.00 0.00 0.00 0.00 0.00 0.00 0.00 0.00 0.00 0.00 0.11 2.07 nan nan nan nan nan nan nan 3.39 2066.67 2066.67 2066.01 2066.01 760.10 1.94 4.49 196.77 2064.68 2064.68 0.05 2.06 2.06 2.06 0.01 0.00 0.00 0.00 0.00 0.00 0.00 0.00 0.00 0.00 0.00 0.00 0.00 1.00 6.14 2059.31 nan 2058.64 2058.64 2057.97 922.82 5.92
1.00 1.00 1.00 1.00 1.00 1.00 1.00 1.00 2.82 5.25 7.47 2.93 1.00 1.00 1.00 1.00 13.53 0.14 2.08 0.22 0.02 0.01 0.00 0.00 0.00 0.52 2.07 2.07 2.07 0.03 0.00 0.00 0.00 0.00 0.00 0.00 0.00 0.00 0.00 0.00 0.00 0.06 nan nan nan nan nan nan nan nan 1.00 1.82 765.23 8.52 2066.01 2066.01 2065.34 2065.34 2064.68 2064.68 2064.68 2.06 0.23 0.12 2.06 0.69 0.01 0.03 0.00 0.00 0.00 0.00 0.00 0.00 0.00 0.00 0.00 0.00 0.00 23.61 2059.31 nan nan 2058.64 2057.97 18.87 1.00
1.00 1.00 1.00 1.00 1.00 1.00 1.00 1.28 16.06 8.40 9.59 14.17 6.79 6.35 5.98 16.81 69.33 0.00 0.00 0.00 0.00 0.00 0.01 1.60 0.03 0.01 0.34 2.07 2.07 0.02 0.00 0.00 0.00 0.00 0.00 0.00 0.00 0.00 0.00 0.00 0.00 2.07 nan nan nan nan nan nan nan 2067.75 1.00 1.00 1.79 4.76 2066.43 2066.43 2065.76 2065.76 2065.09 2065.09 2065.09 2064.42 2.06 2.06 0.59 0.00 0.01 1.94 0.01 0.00 0.00 0.00 0.00 0.00 0.00 0.00 0.00 0.00 0.00 20.13 nan nan 2059.03 16.06 1.00 1.00 1.00
1.00 1.00 1.00 1.00 1.00 1.00 1.00 1.90 7.07 1.00 6.86 567.37 1092.84 2076.73 15.32 1.00 1.00 0.00 0.00 0.00 0.02 0.23 2.07 2.07 0.14 0.02 0.02 0.11 2.07 0.01 0.00 0.00 0.00 0.00 0.00 0.00 0.00 0.00 0.00 0.00 0.00 2069.73 nan nan nan nan nan nan 2067.75 1.00 1.00 1.00 1.00 6.91 2066.43 2066.43 nan 2065.76 2065.09 2065.09 2065.09 2064.42 2064.42 2.06 0.61 0.02 0.17 2.06 0.01 0.00 0.00 0.00 0.00 0.00 0.00 0.00 0.00 0.00 0.00 0.00 2059.71 nan 44.15 1.00 1.00 1.00 1.00
1.00 1.00 1.00 1.00 1.00 1.00 1.00 13.67 1.21 1.00 9.40 2077.34 2076.73 144.44 54.58 1.31 0.00 0.00 0.00 0.06 1.93 2.07 2.07 2.07 0.40 0.02 0.02 0.02 0.71 0.00 0.00 0.00 0.00 0.00 0.00 0.00 0.00 0.00 0.00 0.00 2.07 nan nan nan nan nan nan nan 2067.75 1.00 1.00 1.00 1.00 10.01 972.54 2066.43 nan 2065.76 2065.09 2065.09 22.89 2064.42 nan 2063.75 0.01 0.01 2.06 2.06 0.05 0.60 0.00 0.00 0.00 0.00 0.00 0.00 0.00 0.00 0.00 0.00 2059.71 2059.03 1.00 1.00 1.00 1.00 1.00
1.00 1.00 1.00 1.00 1.00 1.00 1.00 1.00 10.81 44.08 79.13 318.02 134.05 3.34 7.06 0.00 0.00 0.00 0.00 0.00 2.07 nan nan 2.07 0.02 0.01 0.42 0.59 2.07 0.03 0.00 0.00 0.00 0.00 0.00 0.00 0.00 0.00 0.00 2.07 nan nan nan nan nan nan nan nan 2067.75 1.00 1.00 1.00 2.25 6.03 22.41 2066.43 nan nan 2065.09 2065.09 12.86 7.92 2064.42 2063.75 0.02 0.00 2.06 2.06 0.08 0.01 0.00 0.00 0.00 0.00 0.00 0.00 0.00 0.00 0.00 0.01 2.06 1.00 1.00 1.00 1.00 1.00 1.00
1.00 1.00 1.60 1.92 2.93 1.09 1.00 1.00 1.00 16.67 30.99 35.87 11.63 4.61 0.00 0.00 0.00 0.00 0.00 0.00 2.08 nan 0.66 2.07 2.07 2.07 0.02 2.07 2.07 2.07 1.70 0.00 0.00 0.00 0.00 0.00 0.00 0.00 2.07 2.07 nan nan nan nan nan nan nan nan nan 1099.54 2.82 221.23 43.35 5.26 4.69 2066.86 2066.19 2066.19 2065.52 2065.52 2065.52 7.51 nan nan 2064.18 0.01 2.06 0.25 0.01 0.00 0.00 0.00 0.00 0.00 0.00 0.00 0.00 0.00 0.00 0.00 0.00 1.00 1.00 1.00 1.00 1.00 1.00
1310.78 2080.23 998.85 10.41 7.04 10.90 1.00 1.00 1.00 27.01 1.04 3.53 3.75 0.00 0.00 0.00 0.00 0.00 0.00 0.17 2.08 2.08 2.07 0.00 2.07 nan 0.33 2.07 2.07 2.07 0.02 0.00 0.00 0.00 0.00 0.00 0.00 0.04 nan nan nan nan nan nan nan nan nan nan nan 2068.19 1474.44 1674.60 2067.53 44.19 65.71 2066.86 46.99 27.08 2065.52 2065.52 2065.52 nan nan nan nan 2064.18 0.00 0.51 0.00 0.00 0.00 0.00 0.00 0.00 0.00 0.00 0.00 0.00 0.00 0.00 0.00 0.00 1.00 1.00 1.00 1.00 1.00
2080.23 2080.23 2079.64 227.04 1.00 5.40 16.88 1.00 1.00 1.00 1.00 0.00 0.00 0.00 0.00 0.00 0.01 0.00 0.00 0.00 2.08 nan 2.07 0.00 0.01 2.07 2.07 0.26 2.07 0.35 0.00 0.00 0.00 0.00 0.00 0.00 0.00 2.07 2.07 nan nan nan nan nan nan nan nan nan 2068.19 2068.19 2068.19 120.80 2067.53 2066.86 2066.86 251.37 1.00 1.00 3.84 1970.44 2065.52 nan nan nan nan nan 1.29 2.06 0.00 0.00 0.00 0.00 0.00 0.00 0.00 0.00 0.00 0.00 0.00 0.00 0.00 0.00 1.00 1.00 1.00 1.00 1.00
nan 2080.23 2079.64 2079.64 7.76 170.11 1.00 1.00 1.00 1.00 0.00 0.00 0.00 0.00 0.00 0.01 0.03 0.00 0.00 0.03 2.08 2.08 2.07 0.00 0.01 0.56 2.07 0.00 0.10 0.01 0.00 0.00 0.00 0.00 0.00 0.00 0.00 1.94 2.07 2070.83 nan nan nan nan nan nan nan nan 2068.19 2068.19 2068.19 2067.53 nan nan 6.67 1.00 1.00 1.00 1.00 11.96 55.19 2064.85 nan nan nan 2064.18 2063.50 0.05 0.00 0.00 0.00 0.00 0.01 0.01 0.00 0.00 0.00 0.00 0.00 0.00 0.00 0.00 0.00 1.00 1.00 1.00 1.00
nan nan nan 1.00 1.00 1.00 1.00 1.00 1.00 0.00 0.00 0.00 0.00 0.00 0.00 0.03 0.49 0.00 0.03 2.08 2.08 0.13 0.02 0.02 0.00 1.01 0.01 0.00 0.00 0.00 0.00 0.00 0.00 0.00 0.00 0.00 0.00 2.07 nan 339.00 2070.18 nan nan nan nan nan nan 294.04 48.68 2068.19 2068.19 2067.53 2067.53 2066.86 1.00 1.00 1.00 1.00 2.09 1.00 11.68 2064.85 2064.85 nan 2064.18 2.25 2063.50 2063.50 0.01 0.00 0.00 0.00 0.00 0.00 0.00 0.00 0.00 0.00 0.00 0.00 0.00 0.00 0.00 1.00 1.00 1.00 1.00
2080.74 2080.74 2080.14 64.39 1.00 1.00 1.00 1.00 0.00 0.00 0.00 0.00 0.00 0.00 0.01 0.02 0.03 0.10 2.08 2.08 2.08 nan 2.08 0.00 0.00 0.18 0.01 0.00 0.00 0.00 0.00 0.00 0.00 0.00 0.00 0.00 0.00 2.07 2071.30 2071.30 nan nan nan nan nan 2069.32 2069.32 2069.32 2068.65 2068.65 2068.65 2067.98 2067.98 1.75 1.00 1.00 1.00 1.17 1.92 1.00 3.47 48.25 2065.29 2064.62 3.93 1.79 2063.94 2.70 49.60 87.17 0.00 0.00 0.00 0.00 0.00 0.00 0.00 0.00 0.00 0.00 0.00 0.00 0.00 0.00 1.00 1.00 1.00
2080.74 2080.74 2065.76 2080.14 129.60 1.00 1.00 0.00 0.00 0.00 0.00 0.00 0.00 0.03 0.12 0.16 0.82 0.55 2.08 2.08 2.08 2.08 2.08 0.03 0.01 0.29 0.02 0.01 0.00 0.00 0.00 0.00 0.00 0.00 0.00 0.00 0.00 0.01 2071.30 nan nan nan nan nan 48.21 1860.49 21.31 3.48 119.43 2068.65 2068.65 2067.98 55.12 2.04 1.00 1.00 1.00 1.00 1.00 1.00 1.00 1.84 51.33 152.68 17.25 1.00 1.00 1.00 9.88 14.70 13.93 5.13 0.00 0.00 0.00 0.00 0.00 0.00 0.00 0.00 0.00 0.00 0.00 0.00 1.00 1.00 1.00
2080.74 2080.74 81.29 3.30 2.78 9.42 0.00 0.00 0.00 0.00 0.00 0.00 0.02 0.04 1.80 2.08 2.08 2.08 2.08 nan nan nan 2.08 2.08 2.08 2.07 0.04 0.01 0.00 0.00 0.00 0.00 0.00 0.00 0.00 0.00 0.00 0.00 2.57 8.93 nan nan nan nan 1.22 1.00 1.00 1.00 4.35 41.44 5.50 1.00 8.13 2067.31 11.02 1.00 1.00 1.00 1.00 1.00 1.00 1.00 1.00 1.00 1.00 2064.62 30.29 1632.19 42.01 1.57 1.22 1.00 1.00 1.00 0.00 0.00 0.00 0.00 0.00 0.00 0.00 0.00 0.00 0.00 0.00 1.00 1.00
nan nan 2080.14 3.13 1.00 0.00 0.00 0.00 0.00 0.00 0.00 0.00 2.08 0.01 1.33 2.08 2.08 2.08 2.08 2.08 nan nan nan 2.08 2.08 2.07 2.07 1.75 0.00 0.00 0.00 0.00 0.00 0.00 0.00 0.00 0.00 0.00 1.00 1.00 143.51 nan nan nan 2069.98 1.00 1.00 1.00 1.00 1.60 3.70 4.34 38.91 2067.31 61.35 6.53 4.79 1.00 1.00 1.00 1.00 1.00 1.00 6.78 2064.62 1562.95 2063.94 2063.94 2063.26 3.97 3.52 5.54 1.00 1.00 1.00 1.00 0.00 0.00 0.00 0.00 0.00 0.00 0.00 0.00 0.00 1.00 1.00
1.00 nan nan nan 0.01 0.00 0.00 0.00 0.00 0.00 0.01 2.08 2.08 2.08 2.08 2.08 2.08 2.08 2.08 2.08 nan nan 2.08 2.08 0.03 0.23 0.20 0.03 0.04 0.00 0.00 0.00 0.00 0.00 0.00 0.00 0.00 0.00 1.00 1.00 1.00 nan nan nan nan 1.00 1.00 2.04 2.10 1.00 1.00 3.74 30.37 607.91 2067.78 1212.24 156.51 6.65 3.37 5.56 3.23 3.04 5.29 204.88 101.68 1026.89 2064.40 nan 625.33 2.27 5.46 1.10 1.00 1.00 1.00 1.00 1.00 1.00 0.00 0.00 0.00 0.00 0.00 0.00 0.00 0.00 1.00
nan nan nan nan 0.00 0.00 0.00 0.00 0.00 0.01 2.08 2.08 2.08 2.08 2.08 2.08 2.08 2.08 nan nan nan nan 2.08 2.08 0.01 0.01 0.00 0.00 0.00 0.30 0.02 0.00 0.00 0.00 0.00 0.00 0.00 0.00 0.00 1.00 1.00 12.87 nan nan nan 1.57 1.38 1.43 5.80 5.92 1.00 1.77 234.90 2067.78 2067.78 2067.78 2067.11 51.77 6.61 1.00 1.00 3.96 24.48 43.19 47.31 38.32 2064.40 2064.40 848.81 1.00 1.00 1.00 1.00 1.00 1.00 1.00 1.00 1.00 1.00 1.00 0.00 0.00 0.00 0.00 0.00 0.00 0.00
nan nan nan 0.00 0.00 0.00 0.00 0.00 0.00 2.08 nan 2.08 2.08 2.08 2.08 2.08 2.08 nan nan nan nan nan 2.08 2.02 0.00 0.00 0.00 0.00 0.00 0.01 2.07 nan nan 2.07 2.07 0.00 0.00 0.00 0.00 1.00 1.00 2.36 nan nan nan 2069.79 1.02 1.00 2.45 3.50 1.89 6.66 2068.45 2067.78 2067.78 2067.78 2067.11 72.62 8.25 1.18 1.00 8.84 25.06 31.66 53.28 38.01 2064.40 2064.40 10.43 1.00 1.00 1.00 1.00 1.00 1.00 1.00 1.00 1.00 1.00 1.00 1.00 0.00 0.00 0.00 0.00 0.00 0.00
nan nan nan 0.00 0.00 0.00 0.00 0.01 2.08 nan nan 2.08 1.88 0.02 0.00 0.01 nan nan nan nan 2.08 nan nan 0.02 0.00 0.00 0.00 0.00 0.00 0.00 2.07 nan nan nan nan nan 0.00 0.00 0.00 0.00 1.00 1.00 nan nan nan 903.37 1.00 1.00 2.04 79.49 21.33 369.84 2068.45 nan 2067.78 2067.78 258.85 7.46 19.01 232.97 1833.90 2065.75 396.22 65.48 29.30 8.51 2064.40 2064.40 6.94 1.00 1.00 1.00 1.00 1.00 1.00 1.00 1.00 1.00 1.00 1.00 1.00 1.00 0.00 0.00 0.00 0.00 0.00
nan nan 2.08 0.06 0.02 2.08 0.38 761.48 2079.45 nan nan 2078.83 0.61 0.01 0.00 0.00 nan nan nan nan nan nan 2.08 0.00 0.00 0.00 0.00 0.00 0.00 0.03 2.07 nan nan nan 2.07 2.07 nan 1.00 0.00 0.00 1.00 1.00 nan nan nan 2069.79 5.26 9.02 12.27 29.68 2069.12 2068.45 nan nan nan 2067.78 2067.11 nan nan 2066.43 2066.43 2065.75 234.73 1883.52 11.81 2065.08 2064.40 267.59 1.00 1.00 1.00 1.00 1.00 1.26 1.54 1.71 1.00 1.00 1.00 1.00 1.00 1.61 256.59 0.00 0.00 0.00 0.00
2.08 2.08 2.08 2.08 2.08 2.08 2080.59 2079.98 2079.98 nan 2079.36 nan 2.08 0.02 0.00 0.00 2.08 nan nan nan nan nan nan 0.01 0.01 0.00 0.00 0.00 0.01 0.16 2.07 2.07 0.03 2.07 nan nan nan 109.43 1.00 0.00 0.00 1.00 nan nan nan nan 2070.28 2070.28 2069.61 1916.55 2069.61 nan nan nan nan nan nan 2067.59 36.50 10.89 120.78 291.47 2066.23 2065.55 2065.55 2065.55 202.70 3.47 1.00 1.00 1.00 1.60 1.00 1.00 1.00 1.00 1.00 1.00 1.00 1.00 1.00 2.93 12.39 1.00 0.00 0.00 0.00
1.83 2.08 2.08 nan 2.08 nan 2080.59 2079.98 2079.98 nan nan nan 2.08 0.00 0.00 0.00 2.08 nan nan nan nan 2.08 nan 0.01 0.02 0.03 0.00 0.00 2.07 2.07 0.11 0.00 0.00 2.07 nan nan nan 2072.94 1.00 0.00 0.00 0.00 0.00 nan nan nan nan nan nan nan nan nan nan nan nan nan nan 86.22 3.03 6.07 11.68 100.76 790.84 2065.55 2065.55 1.00 1.00 2.49 1.00 1.00 1.29 1.72 1.00 1.00 1.00 1.00 1.00 1.00 1.00 1.00 1.00 1.82 5.26 1.00 1.00 0.00 0.00
0.00 0.00 2.08 nan 2.08 nan nan 2079.98 2079.98 nan nan nan 1.48 0.00 0.00 0.01 2.08 nan nan nan nan nan nan nan 2.08 2.08 0.66 2.08 2.07 0.46 0.00 0.00 0.00 2073.60 nan nan nan nan 54.30 1.00 0.00 0.00 0.00 2.07 2.07 nan nan nan nan nan nan nan nan nan nan nan nan 2067.59 26.67 4.74 35.64 6.86 7.23 15.96 19.66 1.00 2.56 1.00 1.00 1.00 1.00 1.00 1.00 1.00 1.00 1.00 1.00 1.00 8.02 1.00 1.00 1.00 5.05 1.00 1.00 1.00 0.00
0.00 0.00 0.01 2.08 2.08 nan 1.00 1.00 nan nan nan nan 0.00 0.00 0.01 0.01 0.02 nan nan nan nan nan nan 2.08 nan nan nan 2.08 0.00 0.01 0.00 0.00 0.00 1.00 2073.60 nan nan 2072.94 2072.28 45.92 0.00 0.00 0.00 0.03 2.07 nan nan nan 2.07 2.07 nan nan nan nan nan nan nan 2067.59 1082.20 1423.87 27.36 6.09 1.66 8.24 10.21 4.36 46.44 1.25 1.00 1.00 1.00 1.00 1.00 1.00 1.00 1.00 1.00 6.43 1.00 1.00 1.00 6.33 7.31 1.00 1.00 1.00 0.00
0.00 0.00 0.02 2.08 2.08 nan nan nan nan nan nan nan 2.08 0.00 0.49 0.34 1.04 0.00 nan nan nan nan nan 2.08 2.08 nan nan 2.08 0.00 0.00 0.00 0.00 1.00 31.32 2073.60 nan nan 3.97 1.35 24.09 0.00 0.00 0.00 0.00 0.00 0.00 2.07 nan 2.07 2.07 nan nan nan nan nan nan nan 2067.59 2066.91 2066.91 30.96 22.22 2066.23 2065.55 38.23 18.88 6.97 13.84 31.16 1.00 1.00 1.00 1.00 1.00 1.00 1.00 1.00 1.00 1.00 1.00 1.00 8.31 13.38 1.00 1.00 1.00 1.00
0.00 0.01 2.08 0.01 2.08 2081.14 nan nan nan nan 0.00 0.00 2.08 0.00 2.08 0.76 0.01 0.00 0.00 nan nan nan 2.08 nan 0.00 nan nan 2.08 0.00 0.00 1.00 1.00 1.52 17.93 2074.13 nan nan 2073.46 1.00 1.00 4.83 7.84 0.00 0.00 0.00 0.00 nan nan nan nan nan nan nan nan nan nan nan nan 2067.41 2067.41 2067.41 2066.73 390.66 6.61 5.64 18.76 1.84 2065.36 2064.68 1.00 1.00 1.00 1.00 1.00 1.00 1.00 1.00 1.00 1.00 1.00 1.00 22.05 3.00 1.00 1.00 1.00 1.00
0.00 1.96 0.63 0.45 1.29 nan nan nan nan 2.77 0.00 0.00 0.02 0.05 0.05 0.02 0.00 0.00 0.30 nan nan 2.08 1.32 2.08 0.02 0.05 2.08 2076.09 1.06 1.00 1.00 1.00 1.00 1.00 1.00 208.79 nan 2073.46 1.00 1.00 2.68 3.83 1.00 1.00 0.00 0.00 nan nan nan 0.24 nan nan 2069.44 nan nan nan nan nan nan nan 2067.41 1.00 1.00 15.35 9.29 6.63 82.34 2065.36 1819.86 1.00 1.00 1.00 1.00 1.00 1.00 1.00 1.00 1.00 1.00 1.00 1.00 1.39 1.00 1.00 1.00 1.00 1.00
0.00 2.08 2.08 1.75 2081.75 nan nan 1.00 18.91 0.00 0.00 0.00 0.04 2.08 1.50 1.93 0.05 0.06 2078.02 nan nan nan nan nan nan nan 2076.09 2076.09 3.62 1.00 1.00 1.00 1.00 1.00 1.00 47.10 2073.46 375.25 50.29 2.03 1.00 1.59 1.00 1.00 0.00 2.07 nan nan nan 0.10 1563.07 nan nan nan nan nan nan nan 2067.41 nan nan 2066.73 1.00 1.00 17.70 2.04 1.00 1207.99 1.93 1.00 1.00 1.00 1.00 1.00 1.00 1.00 1.00 1.00 1.00 1.00 1.00 1.00 1.00 1.00 1.00 1.00 1.00
0.01 2.08 2.08 2.08 2081.75 2081.14 1.00 1.00 0.00 0.00 0.00 0.00 0.40 nan nan nan nan nan nan nan nan nan nan nan nan nan nan nan 2075.44 2075.44 85.40 1.00 1.00 1.00 1.00 1.00 2.72 27.36 2072.80 2072.80 3.97 1.00 1.00 1.00 0.00 2.07 1.80 2.07 nan nan nan nan nan nan nan nan nan nan 2067.41 2067.41 nan nan 2066.73 8.94 2.10 6.18 80.08 2065.36 4.09 1.00 1.00 1.00 1.00 1.00 1.00 1.00 1.00 1.00 1.00 1.00 1.00 1.00 1.00 1.00 1.00 1.00 1.00
