OUTPUT-RE/DISPLACEMENTS/Dist_20th_475years/Disp_20th__Earthquake475m-04_PGA=3.70__Ru=0.27_20.txt
ncols         654
nrows         1178
xllcorner     514480
yllcorner     4496780
cellsize      20
nodata_value  -9999.0
[rows 0 to 37 of 1178, columns 435 to 521 of 654]
0.00 0.00 0.00 0.01 0.00 0.01 0.00 0.00 0.00 0.00 0.00 0.00 0.00 0.00 0.00 0.00 0.00 0.01 0.01 0.00 0.07 0.10 0.06 0.14 0.00 0.00 0.00 0.00 0.02 1.56 1.56 0.00 0.37 0.00 0.64 0.00 0.00 0.00 0.00 0.00 0.00 0.01 0.61 0.02 0.01 0.00 0.00 0.00 0.00 0.00 0.00 0.00 0.00 0.00 0.00 0.00 0.00 0.00 0.00 0.00 0.00 1.55 1.55 1.55 nan 1.55 0.00 0.01 0.00 0.00 0.00 1.55 1.55 1.55 0.02 1.55 1.55 nan 1.55 1.55 1.55 0.01 0.00 0.00 1.55 1.55 1.55
0.01 0.01 0.01 0.00 0.00 0.00 0.00 0.00 0.00 0.00 0.00 0.00 0.00 0.00 0.00 0.00 0.00 0.00 0.01 0.01 0.00 0.01 0.43 0.39 0.00 0.00 0.00 0.01 1.31 0.58 1.56 0.01 0.00 0.00 0.00 0.00 0.01 0.00 0.00 0.00 0.00 0.01 0.04 0.01 0.00 0.00 0.00 0.00 0.00 0.00 0.00 0.00 0.00 0.00 0.00 0.00 0.00 0.00 0.00 0.00 0.04 1.55 1.55 nan 1.55 1.55 0.01 0.10 0.00 0.00 0.00 1.06 1.55 1.55 1.55 1.55 1.55 1.55 1.55 1.55 1.55 0.00 0.39 1.55 1.55 1.55 1.55
0.00 0.01 0.01 0.00 0.00 0.00 0.00 0.00 0.00 0.00 0.00 0.00 0.00 0.00 0.00 0.00 0.00 0.00 0.03 1.14 0.00 0.00 0.01 0.01 0.00 0.00 0.02 1.56 1.56 1.56 1.56 1.56 0.01 0.00 0.00 0.00 0.34 1.56 0.05 0.03 0.01 0.04 0.14 0.01 0.00 0.00 0.00 0.03 0.00 0.00 0.00 0.00 0.02 0.02 0.00 0.00 0.00 0.00 0.00 0.00 1.55 0.19 1.55 1.55 0.02 0.00 0.01 0.02 0.01 0.00 0.00 0.06 1.55 1.55 1.55 1.55 nan nan 1.55 1.55 1.55 0.01 1.55 1.55 1.55 1.55 nan
0.00 0.00 0.00 0.00 0.00 0.00 0.00 0.00 0.00 0.00 0.00 0.00 0.00 0.00 0.00 0.00 0.00 0.00 0.01 1.56 0.01 0.00 0.02 0.03 0.00 0.00 0.00 0.56 1.56 1.56 nan nan nan 1.56 1.56 0.42 0.01 0.00 1.07 1.56 0.12 0.64 1.56 0.09 0.02 0.00 0.00 0.01 0.08 0.00 0.00 0.00 0.05 1.55 1.55 1.55 1.44 0.01 0.00 0.01 0.02 0.18 1.55 1.55 0.02 0.00 0.15 0.41 0.07 0.09 0.44 1.39 1.55 1.55 1.55 1.55 1.55 nan 1.55 1.55 0.78 0.00 1.55 1.55 1.55 1.55 1.55
0.04 0.00 0.00 0.00 0.00 0.00 0.00 0.00 0.01 0.00 0.00 0.00 0.00 0.00 0.00 0.00 0.00 0.01 0.02 0.00 0.05 1.56 1.56 0.01 0.00 0.00 0.00 0.00 0.01 1.56 1.56 nan nan nan 1.56 0.07 0.00 0.00 0.00 0.01 0.01 0.11 0.02 0.00 0.00 0.00 0.00 0.00 0.00 0.00 0.00 0.00 0.00 0.27 1.55 1.55 1.55 0.18 0.01 0.02 1.08 1.55 1.55 1.37 0.00 0.01 1.55 0.92 0.07 1.55 1.55 1.55 1.55 1.55 1.55 1.55 0.01 0.06 1.55 1.55 0.04 0.00 1.14 1.55 1.55 1.55 1.55
1.56 0.03 0.03 0.00 0.00 0.00 0.00 0.01 1.56 0.02 0.00 0.00 0.00 0.00 0.00 0.00 0.00 0.03 0.17 1.56 1.56 1.56 1.56 0.00 0.00 0.00 0.00 0.00 0.00 0.00 0.78 1.56 1.56 1.56 1.56 0.01 0.00 0.00 0.00 0.00 0.00 0.00 0.00 0.00 0.00 0.00 0.00 0.00 0.00 0.00 0.00 0.00 0.00 0.08 1.55 1.55 0.30 0.06 0.00 0.00 0.64 0.49 0.14 0.05 0.01 0.05 1.55 0.16 0.06 1.55 1.55 0.01 1.55 1.55 1.55 1.55 1.55 1.55 1.55 1.55 0.01 0.00 0.19 1.55 1.55 1.55 nan
1.56 0.75 0.00 0.00 0.00 0.11 0.01 0.19 1.56 0.01 0.00 0.00 0.00 0.00 0.00 0.00 0.01 0.04 1.48 1.56 1.56 1.56 0.00 0.00 0.00 0.00 0.00 0.00 0.00 0.00 0.00 0.53 1.56 1.56 0.02 0.02 0.01 0.00 0.00 0.00 0.00 0.00 0.00 0.00 0.00 0.00 0.00 0.00 0.00 0.00 0.00 0.00 1.55 1.55 1.55 1.40 0.06 0.03 0.01 0.00 0.01 0.27 0.02 0.00 0.00 1.55 1.55 1.55 0.07 0.05 0.00 0.00 0.01 1.55 1.55 1.55 1.55 nan 1.55 1.55 0.00 0.00 1.55 1.55 1.55 nan nan
1.56 1.56 0.03 0.03 0.18 0.04 0.02 0.02 0.41 0.03 0.00 0.00 0.00 0.00 0.00 0.01 0.02 0.02 0.13 1.56 0.08 0.00 0.00 0.00 0.00 0.00 0.00 0.00 0.00 0.00 0.00 0.00 0.02 0.04 0.01 0.00 0.00 0.00 0.00 0.00 0.00 0.00 0.00 0.00 0.00 0.00 0.00 0.00 0.00 0.00 0.00 0.01 0.36 0.02 0.02 0.02 0.05 0.00 0.00 0.00 0.00 0.00 0.02 0.01 0.02 1.55 1.55 1.28 0.02 0.00 0.00 0.00 0.00 0.72 1.55 1.55 nan nan 1.55 1.55 0.00 0.00 0.01 1.55 1.55 nan nan
1.56 1.56 1.56 1564.14 1563.64 1563.64 1563.64 1.53 1.56 0.01 0.00 0.00 0.00 0.00 0.00 0.00 0.01 0.01 0.02 0.03 0.00 0.00 0.00 0.00 0.00 0.00 0.00 0.00 0.00 0.00 0.00 0.00 0.00 0.00 0.01 0.10 0.00 0.00 0.00 0.01 0.00 0.00 0.00 0.00 0.00 0.00 0.00 0.00 0.00 0.00 0.00 0.00 0.04 0.00 0.00 0.00 0.00 0.00 0.00 0.00 0.00 0.00 1.41 1.55 1.24 1.55 1.55 1.41 0.00 0.00 0.00 0.00 0.00 0.00 0.54 1.55 nan nan 1.55 nan 0.00 0.01 0.00 0.79 0.38 1.55 1.55
1.56 1.56 1564.32 1564.32 1563.82 1563.82 1563.82 1563.32 1.56 0.00 0.00 0.01 0.01 0.00 0.00 0.00 0.00 0.01 0.03 0.00 0.00 0.00 0.00 0.00 0.00 0.00 0.00 0.00 0.00 0.00 0.00 0.00 0.00 0.00 0.02 0.06 0.01 0.00 0.00 0.00 0.01 0.00 0.00 0.00 0.00 0.00 0.00 0.00 0.00 0.00 0.00 0.00 0.21 0.00 0.00 0.00 0.00 0.00 0.01 0.00 0.00 1.55 1.55 1.55 1.55 1.55 1.55 0.03 0.00 0.00 0.00 0.00 0.00 0.00 0.01 1.55 1.55 1.55 nan nan 1.55 1.55 0.01 0.01 0.01 1.55 1.55
1.56 1.56 nan 1564.32 1563.82 1563.82 1563.82 1563.32 1563.32 0.01 0.03 0.10 0.01 0.01 0.00 0.00 0.00 0.00 0.00 0.00 0.00 0.00 0.00 0.00 0.00 0.00 0.00 0.00 0.00 0.00 0.00 0.01 0.00 0.00 0.00 0.02 0.00 0.00 0.00 0.00 0.00 0.00 0.00 0.00 0.00 0.00 0.00 0.00 0.00 0.00 0.00 0.01 1.55 0.00 0.00 0.00 0.00 0.01 1.55 1.15 0.01 1.55 0.09 1.55 1.55 1.55 1.55 0.00 0.01 0.01 0.01 0.00 0.00 0.01 0.03 0.01 0.00 1.55 nan 1.55 1.55 1.55 0.04 0.08 1.55 1.55 1.55
1.56 1.56 nan nan nan 506.13 29.64 22.26 1563.32 1563.32 0.05 0.01 0.03 0.01 0.00 0.00 0.00 0.00 0.00 0.00 0.00 0.00 0.00 0.01 0.00 0.00 0.00 0.00 0.00 0.00 0.00 0.00 0.00 0.00 0.00 0.00 0.00 0.00 0.00 0.01 0.00 0.00 0.00 0.00 0.00 0.00 0.00 0.00 0.00 0.00 0.00 0.65 1.55 0.00 0.00 0.00 0.02 0.03 0.95 1.55 1.55 0.03 0.07 1.55 1.17 1.55 1.55 0.63 0.03 0.08 0.01 0.00 0.01 0.07 0.04 0.00 0.19 0.00 1.55 nan 0.03 1.55 1.55 1.55 1.55 1.55 1.55
1.41 0.65 1564.32 1564.32 nan 1563.82 1.00 1563.32 185.21 170.72 859.31 0.08 0.27 0.04 0.00 0.00 0.00 0.00 0.00 0.00 0.01 0.00 0.04 0.03 0.00 0.00 0.00 0.00 0.00 0.01 0.00 0.04 0.10 0.00 0.00 0.00 0.00 0.00 0.01 0.00 0.01 0.00 0.00 0.00 0.00 0.00 0.00 0.00 0.00 0.00 0.00 0.25 1.55 0.00 0.00 0.02 0.27 0.23 0.08 1.42 1.55 0.25 0.02 1.55 1.55 0.01 0.36 1.55 1.55 0.04 0.04 0.01 0.04 1.55 0.19 0.09 0.03 1.55 0.01 0.03 0.01 0.00 1.55 nan 1.55 1.55 1.55
0.05 0.01 0.01 1564.32 1563.82 1563.82 18.63 4.87 15.20 1563.32 760.83 1562.82 0.19 0.00 0.00 0.00 0.00 0.00 0.00 0.07 0.00 0.00 1.56 0.13 0.00 0.00 0.00 0.00 0.00 0.02 0.02 0.04 0.02 1.56 0.01 0.00 0.59 0.00 0.00 0.01 0.00 0.00 0.00 0.00 0.00 0.00 0.00 0.00 0.00 0.00 0.00 1.00 1.55 0.00 0.00 0.04 1.55 1.55 0.06 0.06 1.55 1.55 1.55 0.01 0.06 1.55 nan 1.55 1.55 0.99 0.05 0.01 0.03 1.14 1.15 1.55 1.55 0.41 1.55 0.01 0.00 0.03 1.55 1.55 1.55 1.55 1.55
0.07 0.00 0.16 1564.52 1564.01 1564.01 237.87 15.14 1563.51 1563.51 313.95 301.60 39.26 0.00 0.00 0.00 0.01 0.00 0.07 0.00 0.00 0.01 0.18 1.20 0.00 0.00 0.00 0.00 0.00 0.08 1.45 0.10 1.56 0.03 1.56 0.02 0.01 0.09 0.00 0.02 0.00 0.00 0.00 0.00 0.00 0.00 0.00 0.00 0.00 0.00 0.00 1.56 0.03 0.01 0.01 0.03 0.36 0.49 0.03 0.02 1.55 1.55 1.55 0.01 1.55 1.55 1.55 1.55 1.49 1.55 0.01 0.00 0.00 0.00 0.36 1.55 1.55 1.55 0.03 0.15 1.55 0.25 0.00 0.03 1.55 1.55 1.55
0.03 0.00 0.00 0.04 1564.01 9.74 2.98 1563.51 1563.51 1563.51 6.75 12.91 1.00 1.00 2.67 0.00 0.03 1.56 0.01 0.01 0.00 0.01 1.56 0.57 0.00 0.00 0.00 0.00 0.00 0.01 0.05 1.56 1.56 1.56 0.63 0.13 0.00 0.00 0.00 0.01 0.01 0.00 0.00 0.00 0.00 0.00 0.00 0.00 0.00 0.00 0.00 0.02 0.01 0.00 0.77 0.52 0.03 0.00 0.00 0.02 0.00 1.55 1.55 1.55 1.55 1.55 nan 1.55 1.55 0.01 0.00 0.00 0.00 0.00 0.00 1.55 1.55 1.55 1.55 1.55 0.03 0.00 1.05 1.55 1.55 1.55 0.01
0.24 0.00 0.00 0.00 1564.01 25.59 13.09 86.84 1563.51 1563.51 4.12 1.00 1.00 10.39 2.70 11.92 0.01 0.07 1.56 0.02 0.00 0.01 1.56 0.00 0.00 0.00 0.00 0.00 0.02 0.01 0.15 1.56 0.26 1.56 0.16 0.01 0.02 0.00 0.00 0.01 1.56 0.00 0.00 0.00 0.00 0.01 0.01 0.00 0.00 0.00 0.00 0.02 0.00 0.00 0.01 1.55 1.55 0.00 0.00 0.03 0.00 0.01 1.55 1.55 1.55 1.55 nan nan 0.00 0.00 0.00 0.00 0.00 0.00 0.00 0.00 1.55 1.55 1.55 1.55 0.00 0.00 1.55 nan 1.55 0.03 0.00
0.00 0.00 0.00 0.00 0.00 1564.01 66.15 32.90 566.17 5.74 4.23 1.00 1.00 3.36 5.94 1.82 7.22 0.00 0.00 0.00 0.00 0.00 0.01 0.00 0.00 0.01 0.00 0.00 1.56 1.56 1.56 1.56 1.56 1.56 1.56 1.56 1.56 0.44 0.01 0.02 1.56 0.17 0.00 0.00 0.00 0.02 0.02 0.01 0.00 0.00 0.00 0.00 0.00 1.55 0.01 1.16 1.55 1.55 0.04 0.01 0.06 0.00 0.00 0.01 0.03 1.55 nan 1.55 0.00 0.00 0.00 0.00 0.00 0.00 0.00 0.00 0.01 1.55 1.55 1.55 1.55 0.00 0.00 1.55 nan 1.55 0.01
0.00 0.00 0.01 0.00 0.00 1.00 1564.22 1563.72 1563.72 1563.72 16.20 1.00 1.00 6.12 18.67 2.87 1.00 1.00 0.00 0.00 0.01 0.00 0.00 0.10 0.00 0.03 0.01 0.01 1.56 nan 1.56 1.56 1.56 0.02 1.56 1.56 1.56 1.56 0.02 0.03 0.01 0.07 0.01 0.00 0.00 0.00 0.00 0.01 0.00 0.00 0.00 0.00 1.56 1.55 1.55 1.55 1.55 1.55 1.55 1.55 1.55 0.20 0.00 0.02 1.55 1.55 nan 1.55 0.03 0.01 0.00 0.00 0.00 0.00 0.00 0.00 0.01 1.55 1.04 0.03 0.01 0.00 0.01 1.55 1.55 1.55 1.55
0.00 0.02 0.01 0.21 1.56 1.56 1564.22 1563.72 1563.72 1563.72 9.25 1.00 1.00 2.69 2.14 4.65 11.43 7.34 0.01 0.01 0.00 0.01 0.00 1.56 1.56 1.56 1.56 1.56 1.56 1.56 1.56 1.56 1.56 0.01 0.00 0.00 0.01 0.00 0.00 0.01 0.00 0.00 0.00 0.00 0.00 0.00 0.00 0.01 0.08 0.00 0.00 1.56 nan nan 1.55 1.55 1.55 1.55 1.55 nan 1.55 1.55 1.22 0.10 1.55 1.55 nan 1.55 1.55 1.55 0.00 0.00 0.00 0.00 0.00 0.00 0.00 0.02 1.55 0.02 0.00 0.06 1.55 1.55 1.55 1.55 1.29
1.57 0.04 0.01 0.11 0.59 1.56 1564.22 1563.72 nan 1563.72 2.39 4.64 8.82 2.24 3.82 10.17 32.86 91.56 16.65 0.00 0.00 0.00 0.02 1.56 1.56 1.56 1.56 1.56 0.34 1.56 1.56 1.56 1.56 1.56 0.03 0.00 0.00 0.00 0.00 0.00 0.00 0.00 0.00 0.00 0.00 0.00 0.00 0.01 1.56 1.56 1.56 1.56 nan 1.55 1.55 0.03 0.43 0.04 1.55 1.55 1.55 0.01 0.01 0.89 0.01 1.55 nan nan 1.55 1.55 0.01 0.00 0.00 0.00 0.01 0.02 0.03 0.05 0.04 0.08 1.39 0.01 0.00 0.01 0.00 0.00 0.02
0.55 0.05 0.02 0.03 0.07 1.55 1.51 1563.72 1563.72 86.20 18.86 56.24 5.98 3.34 2.01 1.92 6.43 15.56 1.00 1.00 0.00 0.00 0.00 1.56 1.56 0.68 0.87 0.00 0.00 0.02 1.56 1.56 1.56 0.40 0.06 0.02 0.00 0.00 0.00 0.00 0.00 0.00 0.00 0.00 0.00 0.00 0.01 0.03 1.56 1.56 0.24 1.56 1.56 1.55 0.00 0.00 0.00 0.29 1.55 1.55 0.01 0.00 0.00 1.55 1.55 nan nan 1.55 1.55 0.11 0.01 0.00 0.01 0.05 0.02 0.01 0.03 0.56 1.55 1.55 0.01 0.00 0.00 0.01 0.01 0.01 0.02
0.03 0.02 0.07 0.22 0.02 1.56 1.56 0.05 1.56 1563.72 1563.22 477.61 27.46 7.91 2.47 1.76 1.00 1.00 1.00 1.00 1.00 423.81 1560.72 1.56 0.32 1.00 0.00 0.00 0.00 0.00 0.34 1.56 1.56 1.56 0.37 0.03 0.00 0.00 0.00 0.00 0.00 0.00 0.00 0.00 0.00 0.00 0.02 1.56 1.56 1.56 0.01 1.56 1.56 1.55 0.00 0.00 0.01 1.00 0.01 0.00 0.00 1.55 1.55 nan nan nan nan nan 0.02 0.02 0.01 0.09 1.10 0.76 0.01 0.00 1.55 1.55 1.55 1.55 0.32 0.00 0.00 0.01 0.03 0.16 1.04
0.08 0.77 1.24 0.02 0.02 0.00 0.03 0.90 1.56 1.56 1563.43 1563.43 378.36 28.87 29.56 6.87 1.00 1.00 1.00 1.00 1.00 1561.43 nan nan 1560.93 0.02 0.00 0.00 0.00 0.00 0.00 0.26 1.56 0.12 0.08 0.61 0.05 0.00 0.00 0.00 0.00 0.00 0.00 0.00 0.00 0.01 0.90 1.56 1.56 0.38 0.00 1.56 1.56 0.01 0.52 0.04 0.02 0.03 0.00 0.00 0.43 1.55 nan nan nan nan nan 0.08 0.00 0.00 0.02 1.15 1.55 0.01 0.01 0.00 0.00 1.55 1.55 1.55 1.55 0.01 0.00 0.00 0.01 1.16 0.03
1.57 0.03 0.03 0.00 0.00 0.00 0.00 0.44 0.51 1.56 1.56 1563.43 1260.85 24.86 7.80 2.63 2.56 1.00 1.00 17.05 1561.43 1561.43 nan nan 1560.93 1.10 0.00 0.00 0.00 0.00 0.00 0.00 0.02 1.56 0.02 0.04 0.76 0.00 0.01 0.02 0.00 0.00 0.00 0.00 0.00 0.02 0.32 1.40 0.00 0.84 0.00 0.06 1.56 1.56 1.56 1.25 0.04 0.15 0.00 0.00 0.38 1.55 1.55 nan nan nan 0.03 0.00 0.00 0.00 0.05 0.03 0.01 0.01 0.00 0.00 0.24 1.55 1.55 1.55 0.01 1.03 1.55 0.01 0.00 1.55 1.11
0.90 0.01 0.00 0.00 0.00 0.00 0.00 0.03 0.01 1.56 0.89 1.56 1562.93 5.93 1.00 16.37 1.79 1.00 1.00 137.97 1561.43 nan nan nan nan 1560.43 0.01 0.01 0.00 0.01 0.01 0.00 0.06 0.29 1.56 0.01 0.07 0.00 0.01 0.02 0.19 1.56 1.56 1.56 1.56 0.01 0.01 0.02 0.00 0.00 0.00 0.01 1.56 1.56 1.56 1.56 0.09 1.55 0.01 0.00 0.13 1.55 1.55 nan 0.02 0.08 0.02 0.00 0.00 0.03 0.01 0.00 0.00 0.00 0.00 0.00 0.90 0.05 1.55 1.55 0.04 1.55 1.55 1.55 0.01 0.03 1.55
0.00 0.00 0.00 0.00 0.00 0.00 0.00 0.00 0.01 1.56 0.03 0.02 0.00 11.61 1.47 1017.66 1.00 4.64 14.87 1561.93 1561.43 1561.43 1560.93 nan nan 1560.43 1560.43 0.00 0.00 0.04 1.56 0.04 1.56 1.56 0.37 1.56 0.01 0.00 0.03 0.03 1.56 1.56 1.56 1.56 1.56 0.01 0.00 0.00 1.37 0.00 0.01 0.73 nan 1.56 1.56 1.56 1.08 0.68 0.00 0.00 0.03 1.55 0.03 1.55 1.55 0.01 0.03 0.00 0.02 1.55 0.00 0.00 0.00 0.00 0.00 0.00 1.05 0.01 0.24 1.55 1.55 0.01 0.03 0.39 0.01 0.00 1.55
0.00 0.00 0.00 0.00 0.00 0.00 0.00 0.00 0.00 0.02 0.01 0.00 0.00 0.00 7.17 3.67 1.00 8.41 1561.93 1561.93 1561.43 232.35 nan nan nan nan 1560.43 26.81 0.01 1.56 1.56 1.56 0.88 nan 1.40 0.40 1.56 0.00 0.12 1.56 0.23 0.47 1.56 1.56 1.56 1.56 0.00 0.00 0.00 0.02 1.56 1.56 nan 1.56 1.56 0.12 1.55 0.05 0.00 0.00 0.98 1.55 nan nan 1.55 0.02 0.00 0.00 1.55 0.27 0.00 0.00 0.00 0.00 0.00 0.00 0.01 1.55 1.55 1.55 0.00 0.00 0.01 0.00 0.00 0.00 0.00
0.00 0.00 0.00 0.00 0.00 0.00 0.00 0.00 0.00 0.01 0.00 0.00 0.00 0.00 2.24 1.09 1.00 3.47 360.93 129.15 126.22 nan nan nan 1561.15 1560.65 nan 1560.16 1560.16 1.56 1.56 1.56 0.01 0.66 1.56 0.29 0.01 0.06 1.56 1.56 0.01 0.02 1.56 1.56 1.56 0.07 0.00 0.00 0.00 0.00 0.15 1.56 1.56 1.56 1.56 0.00 0.03 0.06 0.01 0.00 1.55 1.55 nan 1.55 1.55 0.23 0.00 0.17 1.55 1.55 0.00 0.00 0.00 0.00 0.00 0.00 0.00 0.02 0.00 1.55 0.03 0.00 0.00 0.00 0.00 0.00 0.00
0.00 0.00 0.00 0.00 0.00 0.00 0.00 0.00 0.00 0.00 0.00 0.00 0.00 0.00 0.00 1.66 1.00 6.42 5.92 9.52 1561.65 1561.65 1561.15 1561.15 nan nan nan 1560.16 1560.16 1560.16 1.56 1.56 1.56 1.56 0.05 1.56 0.00 1.56 1.56 1.56 0.01 0.04 1.56 1.56 0.06 0.00 0.00 0.00 0.00 0.01 0.02 1.56 1.56 nan 1.56 0.13 0.00 0.00 1.55 0.00 1.55 1.55 1.55 1.55 nan 1.55 0.01 1.55 nan 1.55 0.00 0.00 0.00 0.00 0.00 0.00 0.00 0.01 1.35 1.55 0.01 0.00 0.00 0.00 0.00 0.00 0.00
0.00 0.00 0.00 0.00 0.00 0.00 0.00 0.00 0.00 0.00 0.00 0.00 0.00 0.00 0.00 0.00 2.82 7.33 6.04 23.57 1561.65 810.29 9.19 1561.15 nan 1560.65 nan 1560.16 1.00 1.00 1.56 1.56 1.56 1.56 1.56 1.56 1.56 1.56 1.56 1.56 1.56 1.56 0.01 0.00 0.00 0.00 0.00 0.00 0.00 0.00 0.00 1.56 nan nan 1.56 1.56 0.01 0.01 0.09 0.58 1.55 1.55 1.55 nan 0.20 1.55 1.55 1.55 nan 1.55 0.02 0.00 0.00 0.00 0.00 0.01 0.01 0.00 0.00 0.02 1.44 0.00 0.00 0.00 0.00 0.00 0.00
0.00 0.00 0.00 0.00 0.00 0.00 0.00 0.00 0.00 0.01 0.00 0.00 0.00 0.00 0.00 0.00 0.00 1.00 2.54 7.02 3.90 7.78 188.09 1561.15 1561.15 1560.65 1560.65 1560.16 1.00 1.00 0.00 1.56 1.56 nan nan nan 1.56 1.56 1.56 1.56 1.56 1.56 0.00 0.00 0.00 0.00 0.00 0.00 0.00 0.00 0.00 0.39 nan nan 1.56 1.56 1.36 1.55 1.55 1.55 0.07 1.55 1.55 0.00 0.00 0.00 1.55 nan nan nan 0.62 0.00 0.00 0.00 0.00 0.03 1.55 nan nan 0.12 0.00 0.00 0.00 0.01 0.75 1.40 0.25
0.00 0.00 0.00 0.00 0.00 0.00 0.00 0.00 0.00 0.01 0.00 0.00 0.00 0.00 0.00 0.00 0.00 0.00 1.00 1.00 1.75 1.00 1.00 281.47 1561.39 1560.89 1560.89 1560.39 2.72 1.00 1.00 1.56 1.56 nan nan nan nan 1.56 1.56 1.56 1.56 1.56 0.02 1.56 1.56 0.93 0.00 0.00 0.00 0.00 0.00 1.56 nan nan 1.56 1.56 1.56 1.56 1.55 1.55 0.01 0.03 0.02 0.01 0.00 0.00 0.02 nan nan nan 1.55 0.00 0.00 0.00 0.00 0.08 1.55 nan nan nan 1.55 1.55 0.23 0.08 1.55 1.55 1.55
0.00 0.00 0.00 0.00 0.00 0.00 0.00 0.00 0.02 0.01 0.00 0.00 0.00 0.00 0.00 0.00 0.00 0.00 0.00 1.00 1.00 1.00 4.25 99.28 26.03 14.39 255.80 1485.20 113.94 1.00 1.00 0.00 1.56 1.56 nan 1.56 1.56 1.56 0.58 1.56 1.56 1.56 1.56 1.56 1.56 1.56 1.44 0.00 0.00 0.00 0.00 1.56 nan nan 1.56 1.56 1.56 1.56 1.55 1.55 1.55 1.55 1.55 1.55 0.00 0.00 0.00 1.55 nan nan nan 0.01 0.00 0.00 0.00 0.00 0.00 1.55 nan 1.55 1.55 0.06 1.55 1.55 1.55 1.55 1.55
0.01 0.00 0.00 0.00 0.00 0.00 0.00 0.00 1.56 1.54 0.02 0.06 0.00 0.00 0.00 0.00 0.00 0.00 0.00 0.00 9.02 3.93 2.37 1255.13 190.73 12.87 9.58 31.63 563.30 2.35 1.00 0.00 0.00 0.02 1.56 1.56 1.56 1.56 0.00 0.93 1.56 1.56 1.56 1.56 1.56 0.30 0.03 0.00 0.00 0.00 1.56 nan nan nan 0.57 0.05 0.69 1.56 1.55 1.55 1.55 1.55 1.55 0.02 0.00 0.00 0.00 0.01 nan nan 1.55 1.55 0.85 0.02 0.00 0.00 0.00 1.55 1.55 1.55 0.03 0.00 0.15 1.55 1.55 nan 1.55
0.00 0.00 0.00 0.00 0.00 0.00 0.00 0.10 1.56 0.13 1.14 1.56 0.01 0.00 0.00 0.00 0.00 0.00 0.00 0.00 0.00 1.00 8.47 1561.39 485.13 2.42 1.00 10.37 179.32 69.73 1.11 4.23 0.00 0.01 1.56 1.56 1.56 0.02 0.00 1.56 1.56 1.13 0.06 1.56 1.56 1.56 1.56 0.00 0.00 1.56 1.56 1.56 nan nan 1.56 0.00 0.01 1.56 1.55 1.55 1.55 1.55 1.55 0.01 0.00 0.00 0.00 1.55 nan 1.55 1.55 1.55 1.55 0.05 0.00 0.00 0.00 1.24 1.55 1.55 0.01 0.01 0.39 1.55 1.55 nan nan
0.00 0.00 0.00 0.00 0.00 0.01 0.01 0.06 0.04 1.15 1.12 0.83 0.06 0.00 0.00 0.00 0.00 0.00 0.00 0.00 0.00 0.00 33.75 1561.39 15.85 1.81 1.00 1.29 39.28 1560.39 1559.90 224.87 0.00 0.03 1.56 1.56 1.56 0.03 0.78 1.56 0.10 0.01 1.56 0.97 0.17 1.56 1.56 0.01 0.02 1.52 1.56 1.56 nan nan 1.56 0.01 0.00 1.56 1.55 1.55 1.55 1.55 1.55 0.00 0.00 0.00 0.01 1.55 1.55 1.55 1.55 1.55 0.08 0.01 0.00 0.00 0.00 0.00 0.89 1.55 0.00 0.02 1.55 1.55 1.55 1.55 nan
0.00 0.00 0.00 0.03 0.00 0.01 0.04 0.02 0.04 1.56 0.18 0.00 0.00 0.00 0.00 0.00 0.00 0.00 0.00 0.00 0.00 0.00 0.00 827.56 3.98 2.04 1.00 1.00 67.92 1560.64 1560.15 1560.15 5.82 0.04 1.56 1.56 1.56 0.01 1.56 1.05 0.04 1.56 0.07 0.00 1.56 1.56 1.56 1.56 0.15 1.56 1.56 1.56 nan nan 1.56 1.56 0.07 1.56 1.55 1.55 1.55 1.55 1.55 0.00 0.00 0.01 0.80 1.55 0.12 0.02 1.55 0.62 0.01 0.00 0.00 0.00 0.00 0.01 0.04 0.01 0.00 1.55 1.55 1.55 1.55 1.55 nan
