OUTPUT-RE/DISPLACEMENTS/Dist_20th_475years/Disp_20th__Earthquake475m-01_PGA=4.20__Ru=0.27_20.txt
ncols         654
nrows         1178
xllcorner     514480
yllcorner     4496780
cellsize      20
nodata_value  -9999.0
[rows 342 to 379 of 1178, columns 348 to 434 of 654]
0.00 0.00 0.00 0.00 0.01 0.04 0.02 0.01 0.00 0.00 0.00 0.00 0.00 0.00 0.00 0.00 0.00 0.05 2.41 2.41 0.79 0.14 0.03 0.01 0.00 0.00 0.00 0.00 0.03 0.00 0.00 0.00 0.00 0.00 0.00 0.00 0.00 0.00 0.01 0.00 0.00 1.44 nan nan nan nan nan nan nan nan nan nan nan nan nan nan nan nan nan nan nan nan nan nan 0.01 0.00 0.00 0.00 0.00 0.00 0.01 2.39 nan nan nan nan nan nan nan nan nan nan nan nan nan nan nan
0.01 0.00 0.00 0.00 0.01 0.07 0.08 0.03 0.00 0.01 0.01 0.00 0.00 0.01 0.00 0.00 0.01 1.11 2.41 2.41 2.41 2.41 0.02 0.00 0.00 0.00 0.00 0.01 0.04 0.00 0.00 0.00 0.00 0.00 0.00 0.00 0.00 0.00 0.00 0.00 0.00 2.40 nan nan nan nan nan nan nan nan nan nan nan nan nan nan nan nan nan nan 2.40 1.03 2.40 nan nan nan nan 0.73 0.02 2.39 2.39 nan nan nan nan nan nan nan nan nan nan nan nan nan nan nan nan
0.00 0.01 0.01 0.01 0.21 0.04 0.03 0.11 0.12 0.00 0.00 0.01 0.01 0.67 0.02 0.08 0.05 1.80 2.41 2.41 2.41 2.41 0.04 0.01 0.00 0.00 0.00 0.02 0.24 0.01 0.00 0.01 0.01 0.00 0.00 0.00 0.00 0.00 0.00 0.00 0.00 2.40 nan nan nan nan nan nan nan nan nan nan nan nan nan nan nan nan nan nan nan nan nan nan nan nan nan nan nan 2.39 nan nan nan nan nan nan nan nan nan nan nan nan nan nan nan nan nan
0.01 0.01 0.02 0.05 0.03 0.02 0.04 0.02 0.01 0.31 0.01 0.02 0.15 2.41 2.41 1.16 1.15 2.41 2.41 0.54 0.27 0.02 0.07 0.02 0.01 0.01 0.00 0.03 0.23 0.00 0.00 0.00 0.01 0.00 0.00 0.00 0.00 0.00 0.00 0.00 0.14 nan nan nan nan nan nan nan nan nan nan nan nan nan nan nan nan nan nan nan nan nan nan nan nan nan nan nan nan nan nan nan nan nan nan nan nan nan nan nan nan nan nan nan nan nan nan
0.01 0.02 0.05 0.05 0.02 0.07 0.24 0.01 2.41 0.32 0.00 0.01 1.67 2.41 2.41 0.32 2.41 0.51 0.06 1.07 0.04 0.00 0.01 0.04 0.14 0.02 0.00 2.41 2.41 0.01 0.01 0.00 0.01 0.01 0.00 0.00 0.00 0.00 0.00 0.00 2.40 nan nan nan nan nan nan nan nan nan nan nan nan nan nan nan nan nan nan nan nan nan nan nan nan nan nan nan nan nan nan nan nan nan nan nan nan nan nan nan nan nan nan nan nan nan nan
0.12 2.41 1.52 0.14 0.46 0.10 0.02 0.00 2.41 0.58 0.01 0.00 2.41 0.02 0.08 0.13 0.04 1.60 0.01 0.06 0.66 0.04 0.01 0.01 0.08 0.06 0.04 2.41 0.02 0.00 0.00 0.01 0.01 0.02 0.01 0.00 0.01 0.00 0.00 0.00 nan nan nan nan nan nan nan nan nan nan nan nan nan nan nan nan nan nan nan nan nan nan nan nan nan nan nan nan nan nan nan nan nan nan nan nan nan nan nan nan nan nan nan nan nan nan nan
2.41 1.79 2.41 2.41 0.13 0.05 0.00 2.41 2.41 0.28 0.62 0.03 0.37 0.00 0.54 0.07 0.01 2.41 0.08 0.04 0.13 0.01 0.01 0.01 0.00 0.01 0.06 0.10 0.10 0.01 0.01 0.01 0.01 0.01 0.01 0.00 0.02 0.00 1.25 2.40 nan nan nan nan nan nan nan nan nan nan nan nan nan nan nan nan nan nan nan nan nan nan nan nan nan nan nan nan nan nan nan nan nan nan nan nan nan nan nan nan nan nan nan nan nan nan nan
2.41 2.41 2.41 2.14 0.03 2.41 2.41 2.41 0.41 2.41 2.41 0.84 0.01 2.41 2.41 1.78 2.41 2.41 2.41 0.06 0.05 0.02 0.01 0.01 0.01 0.00 0.01 2.41 2.41 0.05 0.01 0.02 0.01 0.01 0.01 0.01 0.01 1.03 2.40 2.40 nan nan nan nan nan nan nan nan nan nan nan nan nan nan nan nan nan nan nan nan nan nan nan nan nan nan nan nan nan nan nan nan nan nan nan nan nan nan nan nan nan nan nan nan nan nan nan
2.42 2.42 2.42 2.42 2.42 2.41 0.44 0.28 2.41 2.41 2.15 2.41 0.07 2.41 2.41 2.41 2.41 0.08 2.41 2.41 0.14 1.19 0.04 0.02 0.01 1.53 2.41 2.41 2.41 0.02 0.03 0.04 0.04 0.08 0.00 0.04 0.00 1.92 0.03 2.41 2.40 nan nan nan nan nan nan nan nan nan nan nan nan nan nan nan nan nan nan nan nan nan nan nan nan nan nan nan nan nan nan nan nan nan nan nan nan nan nan nan nan nan nan nan nan nan nan
2.42 2.42 2.42 2.42 2.42 0.02 0.18 2.41 0.22 2.41 2.41 0.02 2.41 2.41 2.08 2.08 2.41 0.51 2.41 2.41 2.41 2.41 0.67 0.01 0.43 1.05 0.03 1.39 2.24 0.01 0.07 0.03 0.04 0.00 0.00 0.00 0.00 0.27 0.03 0.02 2.40 2.40 2.40 nan nan 2.40 2.40 nan nan nan nan nan nan nan nan nan nan nan nan nan nan nan nan nan nan nan nan nan nan nan nan nan nan nan nan nan nan nan nan nan nan nan nan nan nan nan nan
0.18 2.42 2.42 1.06 0.00 0.01 0.04 0.02 0.11 0.11 1.41 2.26 0.61 2.21 0.38 0.13 2.41 2.41 0.09 1.20 2.41 0.10 2.02 0.07 0.11 0.00 0.35 2.41 0.05 0.00 0.00 0.01 0.01 0.00 0.00 0.00 0.01 0.01 0.01 0.16 0.15 0.28 2.40 nan 2.40 2.40 2.40 nan nan nan nan nan nan nan nan nan nan nan nan nan nan nan nan nan nan nan nan nan nan nan nan nan nan nan nan nan nan nan nan nan nan nan nan nan nan nan nan
0.01 0.15 0.01 0.00 0.00 0.00 0.00 0.01 0.11 2.41 0.06 0.00 0.00 0.32 0.01 0.00 0.01 0.10 0.00 0.01 2.41 0.03 0.01 0.07 0.00 0.00 0.00 0.02 0.01 0.00 0.00 0.01 0.00 0.00 0.00 0.00 0.00 0.00 0.00 0.00 0.00 0.00 0.00 0.41 2.40 2.40 2.40 2.40 nan nan nan nan nan nan nan nan nan nan nan nan nan nan nan nan nan nan nan nan nan nan nan nan nan nan nan nan nan nan nan nan nan nan nan nan nan nan nan
0.00 0.00 0.00 0.01 0.01 0.00 0.00 0.00 0.00 0.02 2.41 2.41 0.05 0.16 0.06 0.00 0.00 0.00 0.00 0.01 0.01 0.01 0.00 0.00 0.00 0.01 0.00 0.00 0.01 0.00 0.00 0.01 0.00 0.00 0.00 0.00 0.00 0.00 0.00 0.00 0.00 0.00 0.09 2.41 0.05 0.04 0.04 0.10 0.01 2.40 2.40 2.40 2.40 2.40 nan nan nan nan nan nan nan nan nan nan nan nan nan nan nan nan nan nan nan nan nan nan nan nan nan nan nan nan nan nan nan nan nan
0.00 0.00 0.00 0.00 0.00 0.01 0.04 0.01 0.00 0.03 0.28 0.20 0.04 0.02 0.15 0.07 0.08 0.01 0.00 0.00 0.00 0.00 0.00 0.00 0.10 0.05 0.03 0.02 0.02 0.00 0.00 0.00 0.00 0.00 0.00 0.01 0.00 0.00 0.00 0.00 0.01 1.26 2.41 2.41 1.26 2.01 2.40 2.40 2.40 2.40 2.40 2.40 2.30 nan nan nan nan nan nan nan nan nan nan nan nan nan nan nan nan nan nan nan 2.40 nan nan nan nan nan nan nan nan nan nan nan nan nan nan
0.00 0.00 0.00 0.00 0.00 0.01 0.01 0.02 0.02 0.02 0.07 1.52 0.02 0.01 0.26 1.57 0.12 0.03 0.00 0.00 0.00 0.00 0.00 0.00 0.01 0.03 0.10 0.07 0.64 0.01 0.00 0.00 0.00 0.02 0.13 0.26 0.04 0.01 0.01 0.03 0.03 0.04 2.41 0.20 0.03 0.22 2.40 2.40 2.40 2.40 2.40 2.40 nan nan nan nan nan nan nan nan nan nan nan nan nan nan nan nan nan nan nan 2.40 nan nan nan nan nan nan nan nan nan nan nan nan nan nan nan
0.00 0.00 0.00 0.00 0.00 0.00 0.02 0.02 0.01 0.02 1.99 1.04 0.01 0.01 2.00 2.41 0.18 0.02 0.09 0.01 0.00 0.00 0.00 0.00 0.01 0.04 0.08 0.30 0.01 0.00 0.00 0.00 0.00 0.01 1.46 2.41 0.94 0.16 0.00 0.00 0.01 2.30 2.08 0.02 0.01 0.01 1.96 2.40 2.40 2.40 2.40 nan nan nan nan nan nan nan nan nan nan nan nan nan nan nan nan 2.40 nan nan nan 2.40 nan nan nan nan nan nan nan nan nan nan nan nan nan nan nan
0.00 0.00 0.00 0.00 0.00 0.02 0.03 0.00 0.00 0.00 0.00 1.07 2.41 2.41 2.41 2.41 0.50 0.10 0.18 0.09 0.01 0.01 0.00 0.01 0.01 0.01 0.00 0.00 0.00 0.00 0.00 0.00 0.00 0.01 0.07 1.33 0.23 0.07 0.07 0.01 0.01 0.01 0.07 0.09 0.02 0.11 2.40 2.40 2.40 2.40 2.40 2.40 nan nan nan nan nan nan nan nan nan nan nan nan nan nan nan nan nan nan nan nan nan nan nan nan nan nan nan nan nan nan nan nan nan nan nan
0.00 0.00 0.00 0.00 0.00 0.01 0.01 0.01 0.00 0.00 0.00 0.01 2.04 1.39 0.39 0.24 0.17 0.03 0.01 0.45 0.74 0.05 0.03 0.02 0.01 0.01 0.00 0.00 0.00 0.00 0.00 0.00 0.01 0.01 0.01 0.02 0.03 0.06 0.07 0.06 0.01 0.01 0.06 0.34 0.04 2.41 2.41 2.41 2.41 2.41 2.41 nan nan nan nan nan nan nan nan nan nan nan nan nan nan nan nan nan nan nan nan nan nan nan nan 2.40 nan nan nan nan nan nan nan nan nan nan nan
0.00 0.00 0.00 0.00 0.00 0.01 0.02 0.03 0.04 0.00 0.00 0.04 0.00 0.00 0.03 0.07 0.05 0.05 0.05 2.41 0.39 0.02 0.09 0.05 0.04 0.12 0.00 0.00 0.00 0.00 0.00 0.00 0.01 0.01 0.01 0.00 0.01 0.02 0.06 0.07 0.06 0.07 2.41 0.49 0.04 0.74 2.41 2.41 2.41 2.41 nan 2.40 2.40 nan nan nan nan nan nan nan nan nan nan nan nan nan nan nan nan nan nan nan nan nan nan nan nan nan nan nan nan nan nan nan nan nan nan
0.00 0.00 0.00 0.01 0.03 0.04 0.02 0.02 0.02 0.02 0.00 0.00 0.00 0.01 0.53 0.01 0.01 0.01 0.00 0.68 2.41 0.10 2.41 0.09 0.25 0.06 0.01 0.00 0.00 0.00 0.00 0.00 0.00 0.00 0.01 0.01 0.00 0.01 0.01 0.06 2.29 2.41 0.01 0.00 0.02 2.41 2.41 2.41 nan 2.41 2.41 0.22 2.40 2.40 nan nan nan 2.40 nan nan nan nan nan nan nan nan nan nan nan nan nan nan nan nan nan nan nan nan nan nan nan nan nan nan nan nan nan
0.00 0.00 0.01 0.01 0.02 0.13 0.01 0.01 0.01 0.01 0.01 0.00 0.00 0.02 0.06 0.00 0.00 0.00 0.00 0.00 2.28 2.41 2.41 2.18 0.02 0.01 0.00 0.00 0.02 0.01 0.00 0.00 0.00 0.00 0.00 0.01 2.11 0.05 0.00 0.03 0.15 0.14 0.00 0.00 0.00 2.41 nan nan 2.41 2.41 2.41 2.40 2.40 2.40 nan nan nan 2.40 2.40 nan nan nan nan nan 2.40 0.00 nan nan nan nan nan nan nan nan nan nan nan nan nan nan nan nan nan nan nan nan nan
0.00 0.05 0.05 0.00 0.01 0.02 0.00 0.00 0.01 0.01 0.01 0.02 0.00 0.06 0.03 0.00 0.00 0.00 0.00 0.00 0.00 0.01 2.41 0.06 0.00 0.01 0.01 0.01 0.14 0.00 0.00 0.00 0.00 0.01 0.00 0.85 2.41 0.00 0.01 0.00 0.01 0.00 0.02 0.01 0.00 2.41 nan nan 2.41 0.01 0.07 nan 2.40 0.06 1.45 nan nan nan nan nan nan nan nan nan 2.40 2.40 nan nan nan nan nan nan nan nan nan nan nan nan nan nan nan nan nan nan nan nan nan
0.02 0.01 0.00 0.01 0.02 0.00 0.00 0.00 0.00 0.00 1727.17 22.54 2.22 2416.67 64.33 0.00 0.00 0.00 0.00 0.00 0.00 0.01 0.13 0.02 0.01 0.01 0.01 0.00 0.00 0.27 0.08 0.02 0.05 1.30 2.41 0.58 0.00 0.00 0.00 0.00 0.01 0.01 0.13 2.41 2.41 2.41 2.41 2.41 2.41 2.41 nan nan 2.41 nan nan 2.41 2.40 2.40 2.40 nan nan nan nan nan 2.40 nan nan nan nan nan nan nan nan nan nan nan nan nan nan nan nan nan nan nan nan nan nan
2420.00 24.14 8.85 121.83 932.74 27.01 18.84 0.00 0.00 42.22 694.54 13.20 45.50 2416.67 2416.67 8.06 0.01 0.00 0.10 0.00 0.00 0.01 2.41 0.03 0.00 0.00 0.00 0.00 0.00 0.00 0.01 2.41 2.41 2.41 2.41 0.01 0.00 0.00 0.00 0.00 0.00 0.02 2.41 2.41 2.41 0.26 2.41 2.41 2.41 nan 2.41 2.41 2.41 2.41 nan 2.41 2.40 nan nan nan nan nan nan 2.40 2.40 nan nan nan nan nan nan nan nan nan nan nan nan nan nan nan nan nan nan nan nan nan nan
2420.00 56.24 7.74 23.62 146.06 66.93 22.80 12.56 1.00 8.13 2417.35 1833.35 2416.67 nan 2416.67 240.50 1216.41 2052.46 2415.32 2415.32 2414.64 2414.64 2413.95 2413.95 98.74 3.42 1.00 1.00 0.00 0.00 0.01 0.11 2.41 2.41 0.19 0.00 0.00 0.01 0.01 0.01 0.01 0.01 0.03 0.10 0.01 0.01 0.29 2.41 2.41 2.41 nan nan nan 2.41 0.08 1.61 2.40 nan nan nan nan nan nan nan nan nan nan nan nan nan nan nan nan nan nan nan nan nan nan nan nan nan nan nan nan nan nan
2420.00 41.49 61.87 1619.68 2419.35 2418.68 2418.68 1.00 1.00 29.18 39.36 2417.35 2416.67 2416.67 2416.67 9.11 1.00 8.92 2.68 902.08 2414.64 nan 2413.95 2413.95 2146.50 1.67 1.00 1.00 5.28 2412.57 0.08 0.02 0.02 0.01 0.00 0.00 0.02 0.21 0.02 0.00 0.01 0.01 0.00 0.00 2.41 2.41 2.41 2.41 1.56 2.41 nan nan nan 1.51 2.41 nan nan nan nan nan 0.36 2.40 nan nan nan nan nan nan nan nan nan nan nan nan nan nan nan nan nan nan nan nan nan nan nan nan nan
5.17 38.11 2420.78 nan nan nan nan 2419.46 4.32 1.47 3.00 1.61 1.00 4.48 2418.12 2417.44 18.57 1.00 1.00 1.02 22.88 2416.08 2415.40 143.14 1.00 1.00 3.56 214.88 2414.02 2414.02 10.15 531.27 679.11 49.88 0.00 0.00 0.00 0.00 0.70 0.00 0.00 0.00 0.03 0.00 0.00 2.41 2.41 2.41 0.00 0.07 2.41 nan nan 2.41 0.01 2.41 nan nan nan nan nan 2.40 0.69 2.40 nan nan nan nan nan nan nan nan nan nan nan nan nan nan nan nan nan nan nan nan nan nan nan
53.20 3.04 42.60 2420.78 2420.78 nan nan nan 2419.46 22.16 2.49 1.60 4.14 3.30 1.18 3.53 120.69 77.49 50.86 43.47 17.74 75.30 2415.40 17.77 48.83 2414.71 2414.71 2414.71 2414.02 2293.15 181.39 2413.33 2413.33 2412.63 272.90 12.73 1.58 2411.93 nan 2411.23 2410.53 0.00 0.00 0.01 0.02 0.95 2.41 2.41 2.41 2.41 nan nan 2.41 nan 2.41 nan nan nan nan nan nan 2.40 nan nan nan nan nan nan nan nan nan nan nan nan nan nan nan nan nan nan nan nan nan nan nan nan nan
1.00 1.00 1.00 2420.78 nan nan nan 2419.46 2419.46 34.55 8.43 7.96 5.59 14.09 1.48 1.00 2.81 2416.76 2416.76 2416.76 2416.08 1599.90 2415.40 2415.40 2415.40 2414.71 2.77 87.44 2414.02 676.55 2413.33 2413.33 2413.33 nan nan 2411.93 2411.93 nan nan nan 2410.53 2410.53 4.43 0.03 2.41 2.41 2.41 2.41 2.41 nan 2.41 2.41 2.41 2.41 nan nan nan nan nan nan nan nan nan nan nan nan nan nan nan nan nan nan nan nan nan nan nan nan nan nan nan nan nan nan nan nan nan
1.30 4.09 2420.78 2420.78 nan nan 2420.12 2419.46 2419.46 2144.00 256.07 63.35 41.42 10.94 1.00 1.64 53.32 2416.76 2416.76 2416.76 2416.08 2416.08 312.50 271.53 84.20 1.00 1.00 101.62 2414.02 53.32 60.82 2191.63 2413.33 nan 2412.63 2411.93 nan nan nan nan 2410.53 265.87 2410.53 nan 2.41 2.41 2.41 2.41 2.41 nan nan nan 2.41 nan nan nan nan nan nan nan nan nan nan nan nan nan nan nan nan nan nan nan nan nan nan nan nan nan nan nan nan nan nan nan nan nan nan
2.78 227.59 2420.78 2420.78 nan 2420.12 2420.12 2419.46 2419.46 2419.46 2418.79 2418.79 35.65 18.43 1.58 6.31 424.84 2416.76 2416.76 2416.76 2416.08 960.23 55.24 3.29 1.00 1.00 2.66 21.53 684.06 13.49 6.13 162.16 2413.33 2412.63 2412.63 2411.93 2411.93 2411.93 nan 2411.23 19.73 33.29 2410.53 nan nan nan 2.41 0.04 2.41 nan nan 2.41 nan nan nan nan nan nan nan nan nan nan nan 2.40 nan nan nan nan nan nan nan nan nan nan nan nan nan nan nan nan nan nan nan nan nan nan nan
2.43 335.83 2422.22 nan 2422.22 2421.56 2421.56 2382.75 8.43 29.21 2420.22 2420.22 2149.55 9.72 5.23 34.71 2118.51 2418.20 2418.20 2418.20 2417.52 2417.52 6.16 1.00 1.00 2.73 2.64 90.80 1088.01 18.10 3.89 12.70 2414.77 2414.08 2414.08 2413.38 2413.38 2413.38 2412.69 2412.69 2411.99 2411.99 2411.99 nan 2411.28 2410.58 2410.58 18.91 0.17 nan nan nan nan nan nan nan nan nan nan 2.41 2.41 nan nan nan nan nan nan nan nan nan nan nan nan nan nan nan nan nan nan nan nan nan nan nan nan nan nan
5.18 804.27 2422.22 2422.22 2422.22 2421.56 2421.56 2420.89 2420.89 2420.89 2420.22 2420.22 2419.55 2419.55 2.66 1.00 37.93 549.17 2418.20 2418.20 2417.52 386.42 3.54 1.45 1.29 1.00 5.24 64.63 50.15 6.53 6.62 55.54 15.87 2414.08 nan 2413.38 2413.38 2413.38 2412.69 2412.69 2411.99 2411.99 2411.99 nan 1302.02 2410.58 19.10 1.00 48.73 nan nan nan nan nan nan nan nan nan nan 2.41 nan nan nan 2.41 2.41 nan nan nan nan nan nan nan nan nan nan nan nan nan nan nan nan nan nan nan nan nan nan
5.02 434.78 2422.22 2422.22 2422.22 2421.56 2421.56 2420.89 2420.89 2420.89 2420.22 2420.22 nan 316.57 1.40 36.26 2418.88 2418.20 2418.20 661.85 987.87 56.45 3.89 1.52 1.00 5.56 5.31 2.50 10.46 3.41 22.35 16.05 28.45 2414.08 2414.08 nan nan 1963.05 52.38 2412.69 2411.99 2411.99 nan nan 2411.28 10.03 1209.08 44.37 2409.87 nan nan nan nan nan nan nan nan 2.41 nan nan nan 2.41 2.41 2.41 2.41 2.41 nan nan nan nan nan nan nan nan nan nan nan nan nan nan nan nan nan nan nan nan nan
2422.88 60.23 16.18 318.62 2159.81 58.12 4.37 19.79 2420.89 nan 2420.22 2420.22 2419.55 2419.55 441.90 2418.88 2418.88 2418.20 2418.20 2418.20 2417.52 2.03 1.00 1.00 1.01 8.84 1.00 1.20 1.22 4.58 1576.10 13.47 25.09 300.88 2414.08 2413.38 2413.38 2413.38 588.26 96.35 2411.99 2411.99 nan 2411.28 2411.28 2410.58 nan nan nan nan nan 2.41 nan nan nan nan nan 0.00 2.41 nan nan nan 2.41 2.41 2.41 2.41 nan nan nan nan nan nan nan nan nan nan nan nan nan nan nan nan nan nan nan nan nan
6.51 1.00 1.00 3.70 14.62 6.59 9.70 69.99 2422.32 2422.32 2421.66 2421.66 2117.49 2420.99 2420.99 2420.31 2370.32 2419.64 2419.64 2419.64 2418.96 3.40 1.00 1.00 1.00 1.00 1.00 1.00 13.39 2416.90 15.85 3.18 5.19 18.80 269.18 2414.83 2414.83 2414.83 2414.13 2414.13 2413.43 2413.43 2413.43 2412.73 157.36 nan nan nan nan 2411.32 nan nan nan nan nan nan nan nan 0.00 2.41 nan nan 2.41 2.41 2.41 2.41 nan nan nan nan nan nan nan nan nan nan nan nan nan nan nan nan nan nan nan nan nan
1.00 1.00 1.00 2.88 7.76 7.69 53.80 49.33 1365.44 2422.32 2421.66 2421.66 2420.99 86.26 127.55 2420.31 2420.31 2419.64 2419.64 nan 396.91 1.00 1.29 3.37 1.90 10.40 6.11 3.63 162.91 387.31 1.00 1.00 18.34 46.43 21.96 101.64 2414.83 2414.83 2414.13 2414.13 2413.43 2413.43 2413.43 2412.73 2412.73 2412.03 nan nan nan 2411.32 2411.32 nan nan nan nan nan nan nan nan nan nan nan 2.41 2.41 2.41 2.41 nan nan nan nan nan nan nan nan nan nan nan nan nan nan nan nan nan nan nan nan nan
1.00 1.00 118.18 20.91 12.98 6.54 1.21 1.00 2.83 2422.32 nan 2421.66 2420.99 516.81 144.04 nan 2420.31 nan nan nan 2418.96 1.18 4.38 6.62 13.98 26.36 23.61 152.37 2416.90 2.06 1.00 103.95 2227.99 1279.01 31.22 10.63 94.18 2414.83 nan 2414.13 2413.43 2413.43 2413.43 nan nan 2412.03 nan 2412.03 2411.32 nan 26.92 4.35 nan nan nan 2.41 nan nan nan nan nan nan nan 2.41 2.41 nan nan nan nan nan nan nan nan nan nan nan nan nan nan nan nan nan nan nan nan nan nan
