OUTPUT-RE/DISPLACEMENTS/Dist_20th_475years/Disp_20th__Earthquake475m-02_PGA=4.33__Ru=0.27_20.txt
ncols         654
nrows         1178
xllcorner     514480
yllcorner     4496780
cellsize      20
nodata_value  -9999.0
[rows 532 to 569 of 1178, columns 435 to 521 of 654]
0.01 0.08 1.58 0.81 0.00 0.00 0.00 0.02 0.03 0.06 0.70 0.03 0.00 0.00 0.02 0.16 0.00 0.00 0.10 nan nan nan 0.29 0.00 0.00 0.01 0.01 0.01 0.06 1.41 1.58 0.02 1.58 nan nan 1.58 nan nan nan nan nan nan nan nan nan nan nan nan nan nan nan nan nan nan nan nan nan nan nan nan nan nan nan nan nan nan nan nan nan nan nan nan nan nan nan nan nan nan nan nan nan nan nan nan nan nan nan
0.06 1.58 1.58 0.00 0.00 0.00 0.00 0.00 0.00 0.01 0.04 0.01 0.00 0.00 0.00 0.01 0.00 0.00 1.58 nan 1.58 1.58 1.58 0.02 0.01 0.01 0.18 0.01 0.07 0.09 0.00 0.00 0.00 0.01 1.58 nan nan 1.58 nan nan nan nan nan nan nan nan nan nan nan nan nan nan nan nan nan nan nan nan nan nan nan nan nan nan nan nan nan nan nan nan nan nan nan nan nan nan nan nan nan nan nan nan nan nan nan nan nan
1.59 1.59 0.09 0.00 0.00 0.00 0.00 0.00 0.00 0.00 0.02 0.01 0.00 0.00 0.00 0.00 0.00 0.00 1.58 1.58 1.58 1.58 1.58 1.58 0.00 0.01 0.06 0.46 0.02 0.03 0.00 0.00 0.00 0.00 1.58 nan 1.58 1.58 nan nan nan nan nan nan nan nan nan nan nan nan nan nan nan nan nan nan nan nan nan nan nan nan nan nan nan nan nan nan nan nan nan nan nan nan nan nan nan nan nan nan nan nan nan nan nan nan nan
1.59 1.59 0.02 0.00 0.00 0.00 0.00 0.00 0.00 0.00 0.00 0.01 0.17 0.07 0.02 0.00 0.00 0.03 0.09 1.58 1.21 0.15 0.02 0.02 0.00 0.00 0.02 0.01 0.02 0.01 0.00 0.00 0.00 0.00 1.11 1.58 1.58 1.58 1.58 nan nan nan nan nan nan nan nan nan nan nan nan nan nan nan nan nan nan 1.57 1.57 nan nan nan nan nan nan nan nan nan nan nan nan nan nan nan nan nan nan nan nan nan nan nan nan nan nan nan nan
0.05 1.59 1.59 0.01 0.00 0.00 0.00 0.00 0.00 0.00 0.02 0.01 0.01 1.58 1.58 0.01 1.56 0.03 0.01 0.01 0.39 0.60 0.01 0.01 0.00 0.00 0.00 0.00 0.00 0.00 0.00 0.00 0.00 0.00 0.04 1.58 1.58 0.37 0.02 0.65 nan nan nan nan nan nan nan nan nan nan nan nan nan nan nan nan nan nan 1.57 1.57 nan nan nan nan nan nan nan nan nan nan nan nan nan nan nan nan nan nan nan nan nan nan nan nan nan nan nan
0.00 1.59 nan 0.01 0.00 0.00 0.00 0.00 0.00 0.00 0.05 0.02 0.30 0.92 0.19 1.51 0.00 0.00 0.00 0.00 0.60 1.58 0.02 0.01 0.00 0.00 0.00 0.00 0.00 0.00 0.00 0.00 0.00 0.00 0.01 0.69 0.03 0.01 0.00 0.00 0.01 0.00 nan nan nan nan nan nan nan nan nan nan nan nan nan nan nan nan 1.57 nan nan nan nan nan nan nan nan nan nan nan nan 1.57 nan nan nan nan nan nan nan nan nan nan nan nan nan nan nan
nan nan nan 0.00 0.00 0.01 0.01 0.00 0.00 1.59 0.04 0.00 0.01 0.05 0.06 0.02 0.00 0.00 0.01 1.58 1.53 1.58 1.58 0.03 0.00 0.00 0.00 0.00 0.00 0.00 0.00 0.00 0.00 0.00 0.01 0.01 0.00 0.01 0.00 0.00 0.00 0.00 0.00 nan nan nan nan nan nan nan nan nan nan nan nan nan nan nan nan nan nan nan nan nan nan nan nan nan nan nan nan nan nan nan nan nan nan nan nan nan nan nan nan nan nan nan nan
nan nan 1.59 1.59 1.59 0.03 0.01 0.00 0.22 0.03 0.00 0.00 0.00 0.01 0.00 0.00 0.00 0.00 0.03 1.58 0.78 0.08 0.02 0.02 0.00 0.00 0.00 0.00 0.00 0.00 0.00 0.00 0.00 0.00 0.00 0.00 0.00 3.40 8.73 1.00 1.00 1.00 1.99 21.48 nan nan 1.58 nan nan nan nan nan nan nan nan nan nan nan nan nan nan nan nan nan nan nan nan nan nan nan nan nan nan nan nan nan nan nan nan nan nan nan nan nan nan nan nan
nan nan 1.59 1.59 0.66 0.01 0.00 0.00 0.00 0.00 0.00 0.00 0.00 0.00 0.00 0.00 0.00 0.00 0.01 1.58 1.58 1.41 0.10 0.03 0.00 0.00 0.00 0.00 0.00 0.00 1.00 1.00 5.70 380.07 34.57 17.54 4.98 1.14 2.41 1.00 1.00 1.00 1.00 238.36 nan nan nan nan nan nan nan nan nan nan nan nan nan nan nan nan nan nan nan nan nan nan nan nan nan nan nan nan nan nan nan nan nan nan nan nan nan nan nan nan nan nan nan
0.01 0.00 0.00 0.00 0.00 0.00 0.00 0.00 0.00 0.00 0.00 0.00 0.00 0.00 0.00 0.00 0.00 0.00 0.00 0.00 1.58 1.58 1.58 1.58 0.04 0.00 0.00 0.00 1.00 1.90 1.00 1.09 104.42 1580.00 1580.00 396.94 50.47 6.10 3.12 7.47 12.27 6.16 1.00 1.00 1577.98 nan nan nan nan nan nan nan nan nan nan nan nan nan nan nan nan nan nan nan nan nan nan nan nan nan nan nan nan nan nan nan nan nan nan nan nan nan nan nan nan nan nan
0.00 0.00 0.00 0.00 0.00 0.00 0.00 0.00 0.00 0.00 0.00 0.00 0.00 0.00 0.00 0.00 0.00 0.00 0.00 0.00 0.00 0.09 0.63 0.19 0.05 0.00 1.15 2.38 4.04 9.28 1.27 1.00 8.19 1580.00 1580.00 535.38 3.07 2.79 1.00 1.00 1.00 2.38 3.20 1.00 12.82 1577.47 nan nan 1576.97 1576.97 nan nan nan nan nan nan nan nan nan nan nan nan nan nan nan nan nan nan nan nan nan nan nan nan nan nan nan nan nan nan nan nan nan nan nan nan nan
0.00 0.00 0.00 0.00 0.00 0.00 0.00 0.00 0.00 0.00 0.00 0.00 0.01 0.01 0.00 0.00 0.00 0.00 0.00 0.00 0.00 0.00 0.02 0.01 71.90 2.67 1.00 1.00 1.00 4.36 1.16 1.76 842.87 1580.77 1580.77 1580.26 6.17 1.17 1.17 1.72 1.96 1.00 1.00 1.10 51.86 1578.22 1578.22 1578.22 682.57 30.04 7.79 5.76 1.58 nan nan nan nan nan nan nan nan nan nan nan nan nan nan nan nan nan nan nan nan nan nan nan nan nan nan nan nan nan nan nan nan nan nan
0.00 0.00 0.00 0.00 0.00 0.00 0.00 0.00 0.00 0.00 0.00 0.00 0.00 0.00 0.00 0.00 0.00 0.00 0.00 0.00 0.00 0.00 4.02 2.55 5.96 20.44 241.66 16.20 3.57 1.90 1.07 2.75 395.63 1580.77 1580.77 1580.26 65.87 4.09 5.36 6.80 5.16 5.08 1.49 1.00 7.52 358.63 10.67 112.94 40.29 6.00 4.55 10.32 1577.20 nan nan nan nan nan nan nan nan nan nan nan nan nan nan nan nan nan nan nan nan nan nan nan nan nan nan nan nan nan nan nan nan nan nan
0.01 0.00 0.00 0.00 0.00 0.00 0.00 0.00 0.00 0.00 0.00 0.00 0.01 0.01 0.00 0.00 0.00 0.00 0.00 0.00 0.00 1.00 1.00 1.00 2.15 7.29 48.22 1271.07 16.27 16.29 45.16 1.57 1581.28 nan nan 1580.26 33.84 4.19 10.80 29.35 10.91 5.48 4.72 1.00 1.00 1.00 1.00 4.47 30.87 4.13 2.78 1.03 1.00 nan nan nan nan nan nan nan nan nan nan nan nan nan nan nan nan nan nan nan nan nan nan nan nan nan nan nan nan nan nan nan nan nan nan
0.01 0.00 0.00 0.01 0.01 0.01 0.00 0.00 0.00 0.00 0.00 0.01 0.01 0.01 0.00 0.00 0.00 0.00 0.00 1.00 1.00 1.00 1.00 1.00 4.53 11.57 6.51 1581.79 1424.71 614.96 58.49 1581.28 nan nan nan 1580.26 21.76 4.07 2.84 3.09 5.48 10.78 1.38 1.00 1.00 1.00 3.30 20.81 59.86 18.93 13.06 4.18 51.15 nan nan nan nan nan nan nan nan nan nan nan nan nan nan nan nan nan nan nan nan nan nan nan nan nan nan nan nan nan nan nan nan nan nan
0.01 0.00 0.00 0.01 0.02 0.03 0.14 0.00 0.00 0.01 0.01 0.01 0.01 0.01 0.01 0.01 0.00 0.00 1.00 1.00 1.00 1.00 1.00 3.81 10.87 90.65 55.41 1581.79 1581.79 1399.87 1581.28 1581.28 1581.28 nan nan nan 22.65 2.34 1.51 1.00 1.00 1.00 1.92 3.20 1.00 1.00 733.91 159.33 16.12 41.55 81.85 110.84 nan nan nan nan nan nan nan nan nan nan nan nan nan nan nan nan nan nan nan nan nan nan nan nan nan nan nan nan nan nan nan nan nan nan nan
0.01 0.00 0.00 0.01 0.04 0.01 0.67 0.02 0.04 0.01 0.01 0.01 0.01 0.01 0.01 0.05 94.74 1.00 1.55 1.00 1.00 1.60 1.28 1.79 26.70 245.41 1583.08 1582.56 1582.56 1582.56 29.27 551.21 nan nan nan nan 1581.02 16.26 10.04 8.17 5.74 8.50 1.78 3.25 1.24 112.96 1578.97 173.25 6.08 4.17 20.60 68.23 nan nan 1.58 1.58 nan nan nan nan nan nan nan nan nan nan nan nan nan nan nan nan nan nan nan nan nan nan nan nan nan nan nan nan nan nan nan
0.01 0.00 0.00 0.01 0.01 0.00 0.02 0.03 0.08 0.30 0.01 0.00 0.01 0.01 0.02 540.80 734.66 42.86 1584.62 1.00 1.00 4.46 1.00 1.00 22.40 801.13 1583.08 1582.56 1582.56 nan 1582.05 1.00 nan nan nan nan nan 1581.02 60.94 59.51 62.72 91.96 86.75 1.00 1.00 1578.97 1578.97 7.75 1.00 1.00 4.10 39.92 nan nan nan 1.58 0.07 nan nan nan nan nan nan nan nan nan nan nan nan nan nan nan nan nan nan nan nan nan nan nan nan nan nan nan nan nan nan
0.00 0.00 0.00 0.01 0.01 0.01 0.01 0.03 0.01 0.16 1.59 0.01 0.00 146.75 1585.64 1585.13 3.08 nan nan 1584.62 81.73 292.96 1.00 1.00 77.16 1583.08 1583.08 nan nan nan nan 1.00 1582.05 nan nan nan nan 972.94 24.94 64.78 111.92 72.22 106.02 26.41 1.00 1.00 3.49 10.35 12.66 4.57 12.08 7.77 1577.95 nan 1.58 1.58 1.58 0.01 nan nan nan nan nan nan nan nan nan nan nan nan nan nan nan nan nan nan nan nan nan nan nan nan nan nan nan nan nan
0.01 0.03 0.00 0.00 0.01 0.00 0.01 0.23 1.59 1.59 1.59 1.59 19.83 202.60 1585.64 1585.13 129.86 nan nan nan 1584.10 1584.10 72.93 6.75 150.86 1078.75 222.90 1582.56 nan nan nan 1582.05 1.00 nan nan nan nan 13.46 4.59 1214.40 283.78 1580.00 1580.00 1.38 1.00 1.23 1578.97 1578.97 nan 1578.46 1577.95 15.09 1577.95 1577.44 0.87 0.21 0.03 0.00 0.00 nan nan nan nan nan nan nan nan nan nan nan nan nan nan nan nan nan nan nan nan nan nan nan nan nan nan nan nan
1.59 0.00 0.00 0.00 0.00 0.00 0.01 1.59 1.59 1.59 nan nan 1586.44 1586.44 836.87 nan nan nan nan nan nan 1584.89 1584.37 1399.63 3.39 1.59 2.77 1583.34 nan nan nan 1582.82 1.00 1582.30 nan nan nan 3.93 22.39 1581.27 1580.76 1580.76 1580.76 1580.24 1580.24 1.00 2.79 nan nan nan 1552.02 2.76 9.84 0.00 0.00 0.00 0.00 0.00 0.00 nan nan nan nan nan nan nan nan nan nan nan nan nan nan nan nan nan nan nan nan nan nan nan nan nan nan nan nan
0.16 0.00 0.01 0.00 0.00 0.00 0.09 1.59 nan nan nan nan nan nan 1586.44 nan nan 1585.40 nan 1585.40 1584.89 1584.89 1584.37 1346.61 1.14 1.00 1.00 40.71 nan nan nan nan nan nan nan nan nan 1581.79 1581.27 1581.27 1580.76 1148.42 1580.76 1580.24 1580.24 1399.57 7.13 nan nan nan nan 876.80 3.44 0.00 0.00 0.01 0.01 0.81 nan nan nan nan nan nan nan nan nan nan nan nan nan nan nan nan nan nan nan nan nan nan nan nan nan nan nan nan nan
0.23 0.01 0.00 0.01 0.00 0.00 1.59 nan nan nan nan nan nan nan nan nan nan 8.18 1585.40 1585.40 1584.89 1584.89 1584.37 43.27 2.25 1.00 5.82 1.00 203.26 nan nan nan nan nan nan nan nan nan nan nan nan 1580.76 1221.46 1580.24 1580.24 1189.66 11.65 nan nan nan nan nan 32.31 0.00 0.01 0.01 0.01 1.58 nan nan nan nan nan nan nan nan nan nan nan nan nan nan nan nan nan nan nan nan nan nan nan nan nan nan nan nan nan
0.09 0.23 0.43 1.59 1.59 1.59 1587.99 1587.47 nan nan nan nan nan nan nan 1585.92 1585.92 694.04 nan nan 1584.89 1584.89 1584.37 231.09 2.20 1.00 4.97 16.80 1583.34 nan nan nan nan nan nan nan nan nan nan nan nan nan nan 1580.24 1580.24 1579.73 1579.73 nan nan nan nan nan 1578.70 0.57 1.58 1.58 1.58 1.58 nan nan nan nan nan nan nan nan nan nan nan nan nan nan nan nan nan nan nan nan nan nan nan nan nan nan nan nan nan
1.59 0.26 1.59 nan nan nan 44.70 500.99 1587.47 nan nan nan nan nan nan 1585.92 1535.06 21.52 1585.40 1585.40 1584.89 1584.89 1584.37 1584.37 213.96 2.06 1.08 3.41 1.38 1583.34 nan nan nan nan nan nan nan nan nan nan nan nan 1580.76 1580.24 1580.24 1579.73 1579.73 1579.73 nan nan nan nan 1.58 0.01 1.58 1.58 1.58 1.58 1.58 nan nan nan nan nan nan nan nan nan nan nan nan nan nan nan nan nan nan nan nan nan nan nan nan nan nan nan nan
1.59 1.59 1.59 nan nan nan 1588.80 1291.52 86.31 102.60 1587.76 nan nan nan 1587.24 518.00 115.59 35.69 143.22 1586.20 1531.24 1585.68 151.23 199.41 1066.45 1584.64 1584.64 1584.12 1584.12 77.27 4.24 1583.60 nan nan nan nan nan nan nan nan nan nan 1581.52 1581.00 1370.72 1580.48 1580.48 613.59 nan nan 1579.45 1579.45 0.39 0.92 0.42 1.58 0.90 0.06 1.58 nan nan nan nan nan nan nan nan nan nan nan nan nan nan nan nan nan nan nan nan nan nan nan nan nan nan nan nan
0.09 1589.83 nan nan nan nan 1588.80 1588.28 8.75 38.13 1587.76 1587.76 1587.24 188.88 130.26 215.93 48.45 40.32 1556.05 1586.20 1585.68 47.90 16.59 93.49 21.01 1584.64 1584.64 1584.12 1584.12 1584.12 29.10 1583.60 nan nan nan nan nan nan nan nan nan nan 1581.52 1581.00 1581.00 1580.48 nan nan nan nan nan nan 0.09 0.02 0.50 1.58 0.78 0.10 1.58 nan nan nan nan nan nan nan nan nan nan nan nan nan nan nan nan nan nan nan nan nan nan nan nan nan nan nan nan
nan nan nan nan nan nan 1588.80 1588.28 206.85 1588.28 nan nan 1587.24 26.08 8.13 7.64 19.43 725.22 1586.20 1586.20 1585.68 1585.68 1321.79 12.48 1585.16 1584.64 1584.64 1584.12 1584.12 1584.12 17.60 39.43 nan nan nan nan nan nan nan nan nan nan nan 130.62 1581.00 nan nan nan nan nan nan 1.58 0.01 0.00 0.05 0.03 0.01 0.00 0.00 1.58 nan nan nan nan nan nan nan nan nan nan nan nan nan nan nan nan nan nan nan nan nan nan nan nan nan nan nan
nan nan nan nan nan nan 1588.80 1588.28 1588.28 nan nan nan nan 1587.24 1.00 18.44 7.85 16.04 1586.20 1586.20 1585.68 1585.68 1585.16 1585.16 1585.16 215.61 1584.64 1584.12 1584.12 1584.12 1583.60 1.38 120.44 nan nan nan nan nan nan nan nan nan nan 1165.03 159.07 nan nan nan nan nan nan 0.00 0.00 0.00 0.01 0.02 0.09 0.11 1.58 1.58 1.58 nan nan nan nan nan nan nan nan nan nan nan nan nan nan nan nan nan nan nan nan nan nan nan nan nan nan
nan nan nan nan nan nan nan 1589.08 1589.08 nan nan nan nan nan 732.30 1.06 330.37 276.97 446.14 1586.99 1586.47 1586.47 nan nan 1585.95 1585.42 1585.42 1584.90 1584.90 1584.90 1584.38 7.31 1.94 1583.85 nan nan nan nan nan nan nan nan 9.17 5.38 31.31 nan 1581.24 1581.24 nan nan 0.00 0.00 0.00 0.00 0.00 0.01 0.01 0.01 1.58 1.58 1.58 1.58 nan nan nan nan nan nan nan nan nan nan nan nan nan nan nan nan nan nan nan nan nan nan nan nan nan
nan nan 1590.13 nan nan nan nan 1589.08 1589.08 nan nan nan nan nan nan 1587.51 1587.51 59.04 930.91 1586.99 nan nan nan nan nan 1585.42 1585.42 1584.90 1584.90 1584.90 1584.38 1584.38 162.23 1583.85 nan nan nan nan nan nan nan nan 1.00 1.00 1.00 20.06 1581.24 nan nan nan nan 1.58 0.02 0.00 0.02 0.14 1.58 0.00 0.00 1.58 1.58 1.58 1.58 1.58 nan nan nan nan nan nan nan nan nan nan 1.58 nan nan nan nan nan nan nan nan nan nan nan nan
705.26 10.88 1.00 7.35 nan nan 1589.61 1589.08 1482.07 6.95 nan nan nan nan nan nan 1587.51 1539.25 1586.99 1586.99 1586.47 nan nan nan 1585.95 1585.42 1585.42 536.92 1584.90 nan 1584.38 1584.38 1584.38 nan nan nan nan nan nan nan nan nan nan 1.00 1.00 1.00 nan nan nan nan 1.58 nan 1.58 0.05 1.58 1.58 0.02 0.02 0.00 1.58 1.58 1.58 1.58 1.58 1.58 1.58 1.58 1.58 nan nan nan nan 1.58 nan 1.58 1.58 nan nan nan nan nan nan nan nan nan nan nan
4.32 21.17 787.34 1590.13 77.01 1589.61 1589.61 792.77 125.93 1589.08 nan nan nan nan nan nan 1587.51 1586.99 1586.99 1586.99 1586.47 1586.47 1585.95 1585.95 1585.95 1585.42 1585.42 8.14 1584.90 nan nan 82.46 1584.38 nan nan nan nan nan nan nan nan nan nan nan nan nan nan nan nan nan 1.58 1.58 1.58 1.58 0.09 0.02 0.00 0.00 0.01 1.58 1.58 0.02 1.58 1.58 0.02 0.00 0.00 0.29 0.26 1.58 nan nan 1.58 1.58 1.58 0.00 nan nan nan nan nan nan nan nan nan nan nan
73.77 57.28 916.92 7.57 9.81 36.99 1589.61 1589.08 1393.43 1589.08 1588.56 nan 4.92 15.54 nan nan 4.02 nan nan 1586.99 nan nan 1585.95 1585.95 1585.95 1585.42 1585.42 1584.90 1584.90 23.75 nan nan 1584.38 nan nan 1583.33 1583.33 nan nan nan nan nan nan nan nan nan 43.35 nan nan nan nan 1.58 1.22 0.01 0.00 0.00 0.00 0.00 0.01 0.00 0.01 1.58 0.01 0.00 0.00 0.00 0.00 0.00 0.00 0.04 1.58 1.58 1.58 1.58 1.58 0.00 1.58 nan nan nan nan nan nan nan nan nan nan
150.35 1591.47 1.00 1590.95 1590.42 181.11 1590.42 1589.90 1589.90 1589.90 1589.37 1589.37 1588.84 1588.84 91.35 1588.32 17.99 nan nan nan nan nan nan 1586.74 1586.74 1028.23 155.53 91.77 23.64 1585.69 1585.16 nan nan nan 1.00 1.00 nan nan nan nan nan nan nan nan nan nan 0.08 nan nan nan nan 1.58 0.00 0.00 0.00 0.00 0.00 0.00 0.01 0.12 0.50 0.00 0.00 0.00 0.00 0.00 0.00 0.00 0.00 0.00 0.97 1.58 1.58 1.02 0.01 0.00 1.58 1.58 1.58 1.58 nan nan nan nan nan nan nan
1591.47 1591.47 1.39 nan nan 1590.42 1590.42 1589.90 1589.90 1589.90 nan nan 1588.84 12.03 260.68 1588.32 1588.32 1222.28 nan nan nan nan 1586.74 222.85 1586.74 1586.21 123.13 13.54 23.79 1585.69 nan nan nan nan 1.00 nan nan nan nan nan nan nan nan nan nan nan nan nan nan nan nan 1.58 0.00 0.00 0.00 0.00 0.00 0.00 0.01 0.26 0.00 0.00 0.00 0.00 0.00 0.00 0.00 0.00 0.00 0.00 0.04 1.54 0.01 0.00 0.00 0.26 1.58 1.58 nan nan nan nan nan nan nan nan nan
1591.47 1591.47 nan nan nan nan 1590.42 1589.90 1589.90 nan nan nan 1588.84 1588.84 916.55 1588.32 1588.32 7.55 7.62 nan nan nan 1586.74 274.10 243.19 1208.92 262.62 15.57 1585.69 nan nan nan nan nan nan nan nan nan nan nan nan nan nan nan nan nan nan nan nan nan nan 0.01 0.00 0.00 0.00 0.11 0.84 1.41 0.00 0.00 0.00 0.00 0.00 0.00 0.00 0.00 0.00 0.00 0.00 0.00 0.00 0.01 0.01 0.00 0.00 1.03 1.58 1.58 nan nan nan nan nan nan nan nan nan
nan nan nan 1590.95 nan nan 1590.42 1589.90 1589.90 nan nan nan nan 1588.84 1588.84 nan nan 384.30 1.66 nan nan nan nan nan 1586.74 1586.21 26.77 91.12 1585.69 nan nan nan nan nan nan nan nan nan nan nan nan nan nan nan nan nan nan nan nan nan nan 1.58 1.58 0.91 0.19 1.58 1.58 1.58 1.58 0.65 0.00 0.00 0.02 0.01 0.01 0.00 0.00 0.00 0.00 0.00 0.00 0.00 0.00 0.00 0.00 1.58 1.58 1.58 1.58 nan nan nan nan nan nan nan nan
