OUTPUT-RE/DISPLACEMENTS/Dist_20th_475years/Disp_20th__Earthquake475m-02_PGA=4.33__Ru=0.27_20.txt
ncols         654
nrows         1178
xllcorner     514480
yllcorner     4496780
cellsize      20
nodata_value  -9999.0
[rows 912 to 949 of 1178, columns 348 to 434 of 654]
0.00 0.08 1.71 nan nan nan 1.71 1.71 1.71 1.71 1.68 0.02 0.06 1.22 1.70 nan nan 1.70 0.63 0.01 0.01 0.12 0.94 0.05 0.03 0.02 0.02 0.00 0.00 0.00 0.00 0.00 1.70 nan nan 1.69 1.69 1.69 0.00 0.00 0.00 0.00 0.00 0.00 0.00 0.00 0.00 0.00 0.00 0.00 0.00 0.00 0.00 0.00 0.00 nan nan nan 1.69 1686.64 1686.64 1685.73 1685.73 330.57 7.70 1.00 1.00 1.00 1.00 1.00 1683.03 nan nan nan 1681.25 1.80 1.00 1.00 1.00 1.00 1.00 1.00 1.00 0.00 0.00 34.13 1019.23
0.00 0.00 1.71 nan nan nan 1.71 1.71 1.71 1.71 1.70 0.33 1.70 1.70 1.70 1.70 1.70 1.70 0.00 0.00 0.00 0.40 1.70 0.03 0.07 0.01 0.06 0.00 0.03 0.01 0.00 nan nan nan nan 1.69 1.69 0.00 0.00 0.00 0.00 0.00 0.00 0.00 0.00 0.00 0.00 0.00 0.00 0.00 0.00 0.00 0.00 0.00 0.00 nan nan nan 1.69 1.69 1686.64 1685.73 285.00 4.86 16.55 1.00 1.00 1.00 1.00 1.00 4.53 nan nan 1682.14 1681.25 93.99 4.12 1.00 3.85 3.60 1.00 1.00 2.67 0.00 0.00 102.39 2383.33
0.00 0.00 1.71 nan nan nan nan nan nan nan 0.22 0.10 0.09 0.48 1.70 1.70 1.70 1.70 0.01 0.00 0.00 0.89 1.70 0.00 0.07 0.01 0.05 0.03 0.27 0.05 1.70 nan nan nan 1.70 0.43 0.00 0.00 0.00 0.00 0.00 0.00 0.00 0.00 0.00 0.00 0.00 0.00 0.00 0.00 0.00 0.00 0.00 0.00 1.69 nan 1.69 1.69 0.41 1.69 0.36 0.00 2.49 1.00 1.00 1.00 1.00 1.00 1.00 1.00 1.00 1682.14 1682.14 1682.14 55.39 1.00 1.00 2.88 1.00 1.00 5.85 2.59 1678.62 0.01 0.03 0.01 1142.31
0.00 0.00 1.71 nan nan nan nan nan nan 1.71 0.00 0.00 0.00 0.17 1.70 0.05 0.39 0.03 0.05 0.01 0.01 1.20 0.00 0.02 0.01 0.00 0.01 0.02 0.01 0.02 1.70 1.70 1.70 nan 1.70 0.00 0.00 0.00 0.00 0.00 0.00 0.00 0.00 0.00 0.00 0.00 0.00 0.00 0.00 0.00 0.00 0.00 0.00 0.01 1.69 1.69 1.69 1.69 1.69 0.80 0.00 0.00 0.00 0.00 0.00 0.00 23.53 1.00 1.00 1.00 1.00 1682.14 241.93 1.00 1.32 1.00 1.00 1.00 1.00 0.00 0.00 1.68 1.68 1.68 1.68 0.08 3.00
0.00 0.00 1.71 nan nan nan nan nan nan 0.00 0.00 0.00 0.00 0.00 0.02 1.70 0.01 0.00 0.01 0.03 0.04 0.01 0.09 1.61 0.00 0.00 0.00 0.00 0.00 0.01 0.09 1.70 nan 1.70 0.00 0.00 0.00 0.00 0.00 0.00 0.00 0.00 0.00 0.00 0.00 0.00 0.00 0.00 0.00 0.00 0.00 0.00 0.50 1.69 1.69 1.69 1.69 1.69 1.69 0.00 0.00 0.01 0.02 0.00 0.00 0.97 0.39 0.00 0.01 0.02 0.05 622.43 3.59 1.00 1.00 1.00 1.00 0.00 0.00 0.00 0.00 1.68 1.68 1.68 1.68 0.00 0.00
0.00 0.00 1.71 nan nan nan nan nan nan 0.00 0.00 0.00 0.00 0.00 0.03 1.70 0.36 0.00 0.00 0.00 0.00 0.02 1.70 0.01 0.00 0.00 0.00 0.00 0.00 0.00 0.01 1.70 1.70 0.01 0.00 0.00 0.00 0.00 0.00 0.00 0.00 0.00 0.00 0.00 0.00 0.00 0.00 0.00 0.00 0.00 0.00 0.04 0.03 0.00 0.52 1.69 1.69 1.69 1.69 0.01 0.00 0.00 0.01 0.01 0.00 1.69 0.03 0.18 0.02 0.25 1.68 0.05 0.00 0.00 0.00 0.00 0.00 0.00 0.00 0.00 0.01 1.68 1.68 1.68 1.68 0.00 0.00
0.03 0.00 1.71 1.71 1.71 nan nan nan nan 0.00 0.00 0.00 0.03 1.71 1.71 1.70 0.01 0.01 1.70 0.07 0.15 1.70 1.70 0.01 0.00 0.00 0.00 0.00 0.00 0.00 0.01 0.01 0.00 0.00 0.00 0.00 0.00 0.00 0.00 0.00 0.00 0.00 0.00 0.00 0.00 0.00 0.00 0.00 0.00 0.01 0.04 0.03 0.00 0.00 0.11 1.69 1.02 1.69 0.04 0.00 0.01 0.01 0.01 0.01 0.01 1.69 0.01 0.01 0.01 0.02 1.68 0.91 0.02 0.00 0.00 0.00 0.00 0.00 0.00 0.00 1.68 1.68 1.68 1.68 1.68 0.00 0.00
0.03 1.71 0.01 0.00 0.00 0.00 1.71 nan nan 0.00 0.00 0.00 0.60 1.71 1.71 1.70 1.60 0.00 0.09 1.70 1.70 1.70 1.70 0.02 0.00 0.00 0.00 0.00 0.00 0.00 0.00 0.01 0.00 0.00 0.00 0.00 0.00 0.00 0.00 0.00 0.00 0.00 0.00 0.00 0.00 0.00 0.00 0.00 0.02 0.23 0.27 0.00 0.00 1.69 1.69 1.69 1.69 0.28 0.00 0.00 0.01 0.00 0.00 0.00 0.01 0.07 0.04 0.01 0.00 0.02 1.48 1.68 0.30 0.01 0.00 0.00 0.00 0.00 0.00 0.01 1.68 1.68 1.56 0.48 0.04 0.00 0.00
1.39 1.71 0.06 0.00 0.00 0.00 1.71 nan nan 1.71 0.01 0.00 0.00 1.71 1.71 1.71 0.02 0.23 1.70 1.70 1.70 1.70 1.70 0.00 0.00 0.00 0.00 0.00 0.01 0.02 0.04 0.06 0.00 0.00 0.00 0.00 0.00 0.00 0.00 0.00 0.00 0.00 0.00 0.00 0.00 0.00 0.01 1.09 1.69 1.69 1.69 0.02 0.01 1.69 1.69 1.69 1.69 0.02 0.00 0.00 0.00 0.08 0.06 0.00 0.00 0.06 0.26 0.13 0.06 0.01 0.00 0.00 0.00 0.00 0.00 0.00 0.00 0.00 0.00 0.00 1.68 1.68 0.37 0.01 0.00 0.00 0.00
1.71 1.71 1.71 0.02 0.00 0.00 1.71 nan nan nan 0.01 0.00 0.00 0.00 1.71 nan nan 1.70 0.06 0.01 1.00 1.70 1.70 0.00 0.00 0.16 0.00 0.00 1.70 1.70 1.70 1.70 1.70 0.00 0.00 0.00 0.00 0.00 0.00 0.00 0.00 0.00 0.00 0.00 0.00 0.00 0.00 1.69 1.69 1.69 nan 1.69 1.69 1.69 1.69 1.69 1.69 1.69 1.69 1.69 0.00 0.00 1.69 1.69 0.00 0.00 0.00 1.69 1.11 1.69 0.15 0.00 0.00 0.00 0.00 0.00 0.00 0.00 0.00 0.18 1.68 0.11 0.04 1.68 0.00 0.00 0.00
1.71 1.71 1.71 1.71 0.03 0.00 0.00 0.04 nan nan 1.71 1.71 0.07 0.00 0.00 0.14 1.71 nan 1.70 1.70 1.70 1.70 1.70 1.70 0.02 1.70 1.70 0.01 0.02 1.70 1.70 1.70 1.70 0.02 0.00 0.00 0.00 0.00 0.00 0.00 0.00 0.00 0.00 0.00 0.00 0.00 0.00 0.00 0.01 1.69 1.69 1.69 1.69 1.69 1.69 1.69 1.69 0.02 0.07 1.69 0.08 0.44 1.69 1.27 0.03 0.01 0.00 0.00 0.00 0.00 0.27 0.03 0.00 0.00 0.00 0.00 0.00 0.00 0.80 1.68 1.62 0.04 0.00 0.00 0.00 0.00 0.00
1.71 nan nan nan 1.71 0.00 0.00 0.00 1.71 1.71 1.71 1.71 1.05 0.01 0.01 0.01 1.71 1.70 0.08 0.02 1.70 0.08 0.00 0.00 0.00 0.00 0.01 0.00 0.01 1.70 1.70 1.70 1.70 0.01 0.00 0.00 0.00 0.00 0.00 0.00 0.00 0.00 0.00 0.00 0.00 0.00 0.00 0.00 0.01 0.01 0.75 1.69 0.64 0.00 0.78 1.69 1.69 1.69 1.69 0.03 0.01 0.22 1.69 0.78 0.02 0.00 0.00 0.00 0.00 0.00 0.00 0.32 0.02 0.00 0.00 0.00 0.00 0.98 1.53 0.96 1.68 1.68 1.03 0.00 0.00 0.00 0.00
1.71 nan nan nan 1.71 0.00 0.00 65.93 1708.44 0.26 0.00 0.02 0.89 0.04 0.00 0.03 1.71 1.70 0.80 1.70 1.24 0.00 0.00 0.00 0.00 0.00 0.00 0.00 1.36 1.70 1.70 1.70 1.70 0.00 0.00 0.00 0.00 0.00 0.00 0.00 0.00 0.00 0.00 0.00 0.00 0.00 0.00 0.00 0.04 1.69 1.69 1.69 1.69 0.04 1.69 1.69 nan 1.69 0.01 0.00 0.00 0.02 0.09 0.07 0.01 0.00 0.00 0.00 0.00 0.00 0.00 0.01 0.01 0.01 0.00 0.00 0.00 0.03 1.68 1.68 1.68 1.68 0.04 0.00 0.00 0.00 0.00
nan 1.71 nan nan nan 1.00 1.00 1.00 48.20 10.55 0.00 0.02 0.01 0.00 0.01 0.00 1.71 nan 1.71 0.09 0.02 0.00 0.00 0.00 0.00 0.00 0.00 0.01 1.70 1.70 1.70 1.70 1.70 0.01 0.00 0.00 0.00 0.00 0.00 0.00 0.00 0.00 0.00 0.00 0.00 0.00 0.00 0.00 0.32 1.69 1.69 1.69 1.69 1.69 1.69 1.69 1.69 0.56 0.00 0.01 0.04 0.09 0.84 1.69 0.02 0.00 0.00 0.00 0.00 0.00 0.01 1.69 0.00 0.00 0.00 0.01 0.01 0.00 0.06 0.10 1.68 1.68 0.00 0.00 0.00 0.00 0.00
nan nan nan nan nan nan 3.26 250.09 369.31 4.81 9.56 0.00 0.00 0.00 0.20 0.01 0.02 1.71 1.71 0.80 0.00 0.00 0.00 0.00 0.00 0.00 0.00 0.01 1.70 1.70 0.28 0.01 0.01 0.05 0.01 0.00 0.00 0.00 0.00 0.00 0.00 0.00 0.00 0.00 0.00 0.00 0.00 0.00 1.59 1.69 1.69 1.69 1.69 1.69 0.11 0.57 0.47 1.51 1.69 0.04 0.00 0.01 1.69 0.37 0.07 0.00 0.00 0.00 0.00 0.00 0.02 1.69 0.00 0.00 0.01 1.69 1.68 0.25 0.01 1.68 0.16 0.00 0.00 0.00 0.00 0.00 0.00
nan nan nan 1.71 nan nan nan 83.22 1709.95 25.91 1.33 1.00 0.00 0.00 0.03 1.71 1.71 1.71 0.05 0.00 0.03 1.61 1.02 0.02 0.01 0.00 0.00 0.01 1.70 1.70 1.70 0.03 0.05 0.12 0.01 0.01 0.02 0.02 0.00 0.00 0.00 0.00 0.00 0.00 0.00 0.00 0.00 0.01 0.06 0.16 1.69 0.02 0.01 1.69 1.69 1.69 1.69 1.69 1.69 0.02 0.02 0.03 0.92 1.69 1.69 0.00 0.00 0.00 0.00 0.00 0.00 0.03 0.03 0.00 0.01 1.69 1.68 1.68 1.68 0.01 0.00 0.00 0.00 0.00 0.00 0.00 0.00
nan nan 1.71 nan nan nan nan nan nan 6.11 1.00 1.00 1.00 0.00 0.02 nan nan 1.71 0.08 0.00 1.71 1.71 1.70 1.70 0.05 0.00 0.00 0.00 1.70 1.70 1.70 1.70 1.70 0.02 0.00 0.01 0.86 0.42 0.00 0.00 0.00 0.00 0.00 0.00 0.00 0.00 0.00 0.01 0.10 0.01 0.01 0.00 0.00 0.63 1.69 1.63 0.05 0.01 0.04 0.05 0.01 1.69 1.69 0.55 0.04 0.02 0.00 0.00 0.00 0.00 0.00 0.00 0.01 0.00 0.00 0.26 1.68 1.68 1.68 1.68 0.00 0.00 0.00 0.00 0.00 0.00 0.00
nan nan nan nan nan 330.43 nan nan 1709.95 1.60 1.00 1.00 1.00 0.02 1.71 nan nan nan 0.02 0.39 1.71 1.71 nan 1.70 0.00 0.00 0.01 0.06 1.70 nan nan 1.70 0.00 0.00 0.00 0.01 0.14 1.17 0.00 0.00 0.00 0.00 0.00 0.00 0.00 0.00 0.00 0.02 0.08 0.01 0.01 1.69 1.69 0.03 0.00 0.00 0.00 0.00 0.00 0.00 0.59 1.69 0.22 0.14 0.05 0.04 0.25 0.04 0.00 0.00 0.00 0.03 0.00 0.00 0.00 0.17 1.68 1.68 1.68 1.68 0.00 0.00 0.00 0.00 0.00 0.00 0.00
1.71 1.71 nan nan nan 1.07 1.00 1711.46 2.09 1.00 1.00 1.00 1.08 nan nan 1.71 1.71 1.71 0.19 0.01 0.98 1.71 1.71 0.01 0.00 0.01 0.00 1.70 1.70 1.70 1.70 1.70 0.01 0.01 0.00 0.00 0.03 0.03 0.00 0.00 0.00 0.00 0.00 0.00 0.00 0.00 0.00 0.05 0.04 0.11 1.70 1.70 1.70 0.00 0.00 0.00 0.00 0.00 0.00 0.00 0.02 0.04 0.05 1.69 1.69 0.06 1.69 1.51 0.00 0.00 0.00 0.01 0.00 0.00 0.01 0.05 0.03 0.12 1.69 1.69 0.00 0.00 0.00 0.00 0.00 0.00 0.00
1.71 nan nan nan nan nan 1.00 13.32 1.00 1.00 1.00 1.00 nan nan nan 1.71 1.71 1.32 0.05 1.71 0.17 0.01 1.71 0.00 0.03 0.00 0.00 0.06 0.03 0.14 1.70 1.70 0.01 0.01 0.00 0.00 0.02 0.02 0.00 0.00 0.00 0.00 0.00 0.00 0.00 0.00 0.00 0.02 1.70 1.70 1.70 1.70 0.94 0.00 0.00 0.00 0.00 0.00 0.00 0.00 0.01 0.11 0.05 1.69 1.69 0.05 1.69 0.20 0.01 0.00 0.00 0.00 0.00 0.00 0.01 0.05 0.05 0.00 0.01 0.00 0.00 0.00 0.00 0.00 0.00 0.00 0.00
nan nan nan nan 1713.34 nan 1712.40 1.00 1.00 1.97 1.00 1710.51 1709.57 1709.57 nan 1.71 0.01 0.00 0.05 1.71 1.71 0.03 0.08 0.10 0.07 0.00 0.00 0.03 0.00 0.02 0.28 1.70 0.08 0.01 0.01 0.01 0.00 0.01 0.01 0.00 0.00 0.00 0.00 0.00 0.00 0.00 0.00 0.01 1.70 1.70 1.70 0.14 0.07 0.39 0.01 0.02 0.01 0.00 0.00 0.00 1.69 1.69 0.26 0.18 0.06 0.06 1.69 0.01 0.00 0.00 0.02 0.00 0.00 0.06 0.01 0.01 0.00 0.00 0.00 0.00 0.00 0.00 0.00 0.00 0.00 0.00 0.00
nan nan nan nan 1713.34 1712.40 1712.40 1.00 10.29 1711.46 nan nan 1709.57 1709.57 1709.57 1708.63 0.00 0.00 0.04 0.04 0.12 0.14 1.71 1.71 0.03 0.00 0.02 0.03 1.70 1.70 0.01 0.10 1.70 0.13 0.02 0.00 0.00 1.70 0.03 0.00 0.00 0.00 0.00 0.00 0.00 0.00 0.00 0.00 1.70 nan 1.70 0.39 0.04 1.69 0.70 0.07 0.05 0.01 0.00 0.07 1.69 1.69 1.69 0.10 0.03 0.41 1.69 1.69 1.56 0.03 1.69 0.02 1.69 0.03 0.00 0.00 0.00 0.00 0.00 0.00 0.00 0.00 0.00 0.00 0.00 0.00 0.00
nan nan 1714.84 206.84 1714.84 1713.90 1713.90 2.34 1.00 nan nan nan 1711.07 11.28 694.21 1.29 1.95 1709.19 0.01 0.00 0.15 1.71 1.71 1.71 0.04 0.00 1.71 1.71 nan 1.71 0.03 0.01 1.70 1.70 0.07 0.10 0.37 0.17 0.00 0.00 0.00 0.00 0.00 0.00 0.00 0.00 0.00 0.00 0.02 1.70 1.70 1.70 1.70 1.70 1.70 0.41 0.02 0.01 0.06 1.69 0.36 0.05 1.69 1.69 1.69 1.69 1.69 0.73 0.07 0.01 0.02 0.00 0.00 0.00 0.00 0.00 0.00 0.00 0.00 0.00 0.00 0.00 0.00 0.00 0.00 0.00 0.00
nan 1715.77 nan 1714.84 7.17 1713.90 1713.90 1712.96 1.53 nan 1712.02 1712.02 1711.07 1711.07 74.77 2.13 1.00 1.00 258.30 1.71 1.71 1.71 1.71 1.71 0.00 0.00 1.71 1.71 1.71 0.00 0.00 0.19 0.02 0.04 1.70 0.23 0.00 0.00 0.00 0.00 0.00 0.00 0.00 0.00 0.00 0.00 0.00 0.01 0.02 0.00 0.03 1.70 1.70 1.70 1.70 0.01 0.02 1.63 0.66 1.69 1.69 1.69 0.03 0.00 0.02 1.69 0.04 0.00 0.00 0.09 0.01 0.00 0.00 0.00 0.00 0.00 0.00 0.00 0.00 0.00 0.00 0.00 0.00 0.00 0.01 0.00 0.00
nan nan 1714.84 nan 155.26 65.66 nan nan 1712.96 nan 1712.02 1467.29 1711.07 1711.07 1.00 1.00 1.00 1709.19 1709.19 861.95 1.59 0.10 nan 1.71 0.05 0.00 0.53 1.71 1.71 0.16 0.00 0.00 0.00 0.00 0.00 0.01 1.53 0.01 0.00 0.00 0.00 0.00 0.00 0.00 0.00 0.00 0.00 0.00 0.38 1.70 1.70 1.70 0.01 0.04 1.70 0.60 0.09 1.70 1.69 1.69 1.69 1.69 1.69 1.69 1.69 0.43 0.00 0.00 0.00 0.00 0.00 0.00 0.00 0.00 0.00 0.00 0.00 0.00 0.01 0.00 0.00 0.00 0.00 0.00 0.01 0.00 0.00
nan nan nan 1714.84 10.45 0.00 1.71 nan nan nan 1712.02 3.39 4.80 1711.07 1.01 1.00 1710.13 1709.19 1709.19 1709.19 1708.25 1708.25 nan nan 1707.31 1.18 0.00 1.71 1.71 0.09 0.06 0.02 0.01 0.11 0.62 0.04 0.00 0.00 0.00 0.00 0.00 0.00 0.00 0.01 0.02 0.13 0.06 0.08 1.70 1.70 1.70 1.70 0.01 0.00 0.01 0.02 0.03 0.02 0.02 0.07 1.69 1.69 1.69 1.69 1.69 1.69 0.00 0.00 0.00 0.00 0.00 0.00 0.00 0.00 0.00 0.00 0.00 0.00 0.00 0.00 0.00 0.00 0.00 0.00 0.00 0.00 0.00
nan 1715.77 1714.84 1714.84 1.00 0.06 0.01 1712.96 nan nan 1712.02 1712.02 1711.07 1711.07 nan nan nan nan nan nan nan nan nan nan 1707.31 2.43 1706.37 1.71 0.48 1.71 1.70 0.48 0.05 0.06 0.01 0.00 0.00 0.00 0.00 0.00 0.00 0.00 0.00 0.01 0.03 0.06 0.11 0.37 1.70 1.70 1.70 0.01 0.00 0.00 0.00 0.00 0.00 0.00 0.01 0.00 0.00 1.69 nan nan 1.69 0.03 0.01 0.02 0.00 0.00 0.00 0.00 0.00 0.00 0.00 0.00 0.00 0.00 0.00 0.00 0.00 0.00 0.00 0.00 0.00 0.00 0.00
nan nan nan 1716.32 1716.32 1.72 0.00 1714.45 nan nan nan nan nan nan nan nan nan nan nan nan 1709.75 nan nan nan 1708.81 129.75 1707.87 743.50 1.37 1.71 1.71 1.71 0.23 0.08 0.01 0.00 0.00 0.00 0.00 0.00 0.00 0.00 0.00 0.00 0.01 0.00 0.00 1.70 nan nan 1.70 0.00 0.00 0.00 0.00 0.00 0.00 0.00 0.00 0.00 0.00 1.69 nan nan 1.69 1.18 1.08 0.01 0.00 0.00 0.00 0.00 0.00 0.00 0.00 0.00 0.00 0.00 0.00 0.00 0.00 0.00 0.00 0.00 0.00 0.00 0.00
nan nan nan nan nan 1.45 0.03 1714.45 nan 1714.45 nan nan nan nan nan 1711.63 1711.63 nan nan 14.89 6.13 1709.75 nan nan nan 1707.87 1707.87 1707.87 1.71 1.71 1.71 1.71 1.71 1.71 0.01 0.00 0.00 0.00 0.00 0.00 0.00 0.00 0.00 0.00 0.00 0.01 1.20 0.44 0.22 1.66 1.70 0.73 0.01 0.00 0.00 0.00 0.00 0.00 0.00 0.00 0.00 1.69 nan nan 1.69 0.01 0.00 0.01 0.00 0.00 0.00 0.00 0.00 0.00 0.00 0.00 0.00 0.00 0.00 0.00 0.00 0.01 0.00 0.00 0.00 0.00 0.00
nan nan nan nan 1.72 1.72 1.72 nan nan nan nan nan nan nan 1712.57 9.81 nan nan 8.12 1.00 779.23 1709.75 nan nan nan nan 1707.87 1707.87 nan 1.71 1.71 1.71 1.71 0.02 0.00 0.00 0.00 0.00 0.00 0.00 0.00 0.00 0.00 0.00 0.00 0.02 0.10 0.01 105.35 1699.46 1699.46 1698.54 1677.95 12.87 27.64 0.01 0.00 0.01 0.00 0.00 0.00 1.69 nan nan 1.69 0.00 0.01 0.05 0.00 0.00 0.00 0.00 0.00 0.00 0.00 0.00 0.00 0.00 0.00 0.00 0.02 0.01 0.00 0.00 0.00 0.00 0.00
1717.26 1717.26 1716.32 1058.54 1.72 1.72 1.72 nan nan nan 1.00 2.56 1712.57 1712.57 15.93 1.00 1711.63 215.87 1.83 126.51 1709.75 1709.75 nan nan nan 1707.87 1707.87 1707.87 nan 1.71 nan 1.71 0.00 0.00 0.00 0.00 0.00 0.00 0.00 0.00 0.00 0.00 0.00 0.00 0.01 0.01 4.35 15.38 1699.46 1699.46 1699.46 1698.54 60.73 3.39 32.78 1433.50 1263.11 1696.70 2.63 1.00 0.50 1.69 nan nan 1.69 0.00 0.01 0.10 0.00 0.00 0.00 0.00 0.03 0.01 0.00 0.00 0.00 0.00 0.00 0.01 0.00 0.00 0.00 0.00 0.02 0.03 0.02
1718.73 1718.73 1344.95 1717.79 1.72 1.72 nan nan nan 1715.93 14.90 32.42 1714.05 1714.05 1714.05 11.39 1713.12 1712.18 82.55 1254.54 1711.24 1711.24 1710.30 nan 1710.30 974.31 19.38 1709.37 nan 1.71 1.71 1.21 0.00 0.00 0.00 0.00 0.00 0.00 0.00 0.00 0.00 0.00 0.00 0.00 0.00 10.76 8.18 65.54 70.10 54.86 1700.96 1.95 1.80 221.78 1699.12 1699.12 1698.20 1698.20 1697.28 1697.28 nan nan nan nan 1.70 0.00 0.00 0.00 0.00 0.00 0.00 0.00 1.69 0.16 0.00 0.00 0.00 0.00 0.12 1.69 0.01 16.67 1689.17 1683.54 1688.29 1688.29 1.69
1616.50 1718.73 5.73 nan 1.72 1.72 nan nan 1715.93 7.73 nan nan nan nan nan nan nan 1712.18 283.56 149.45 246.54 1711.24 nan nan 0.01 1709.37 1709.37 1709.37 1.71 1.71 1.71 0.03 0.00 0.00 0.00 0.00 0.00 0.00 0.00 0.00 0.00 0.00 0.00 0.00 27.40 10.35 7.97 6.28 4.44 3.90 1.74 1.14 8.34 1699.12 1699.12 1699.12 1698.20 1698.20 1697.28 1697.28 1697.28 1696.36 nan 1695.45 1.00 1.00 1.00 13.43 0.00 0.00 0.00 0.00 1.69 0.15 0.01 0.13 0.01 1690.94 1690.94 1690.06 1690.06 1689.17 nan 1689.17 1688.29 nan nan
1718.73 1718.73 nan nan 1.72 11.88 1716.86 1715.93 1088.02 91.57 1714.99 nan nan nan nan nan 1713.12 1712.18 1712.18 117.71 1711.24 1711.24 nan 1.71 1.71 1.49 0.04 0.20 0.45 1.71 1.71 0.00 0.00 0.00 0.00 0.00 0.00 0.00 0.00 0.00 0.00 0.00 0.00 0.00 1702.82 1668.07 3.76 10.44 1.00 1.00 2.91 2.82 40.46 1699.12 1699.12 1699.12 1698.20 373.86 1697.28 nan 1697.28 nan nan nan 1695.45 1.00 1.00 1.00 20.71 1.00 44.46 1692.74 2.78 1692.74 95.70 3.04 1.00 1.00 nan nan nan nan nan nan nan nan nan
1718.73 1718.73 nan 1.72 1.72 13.72 113.74 136.30 1.00 1715.93 1714.99 nan nan nan nan nan 1713.12 nan 1712.18 1509.83 11.13 1711.24 1.71 1.71 1.64 0.00 0.11 0.02 0.01 0.30 0.01 0.00 0.00 0.00 0.00 0.00 0.00 0.00 0.00 0.00 0.00 0.00 0.12 1702.82 1702.82 70.14 369.22 84.99 9.15 6.15 1.00 3.99 1700.04 1699.12 1530.41 851.00 190.52 2.93 33.76 1697.28 nan nan nan nan nan 243.35 1.00 1.00 1.00 261.47 1693.64 nan 1692.74 6.82 16.68 1691.84 1690.94 1690.94 574.98 1690.06 1690.06 nan nan nan nan nan nan
nan 1718.73 74.69 0.12 nan nan nan 65.21 1.00 25.48 16.62 nan 1714.05 1714.05 nan nan 1713.12 nan 1712.18 1712.18 38.11 6.28 1.71 1.71 0.00 1.71 0.01 0.00 0.11 1.71 0.00 0.00 0.00 0.00 0.00 0.00 0.00 0.00 0.00 0.00 0.00 0.03 0.05 1702.82 1702.82 1701.89 1701.89 1189.07 6.56 5.35 1.73 485.48 nan 1699.12 61.40 2.41 3.61 6.08 13.39 1.00 1586.51 nan nan nan nan 24.66 1.00 1.00 1.00 1.49 1693.64 1692.74 1692.74 1692.74 290.11 1691.84 nan 1690.94 665.82 1690.06 1690.06 nan nan nan nan nan 1687.42
1720.19 1720.19 nan nan nan 1718.33 nan 1717.39 1717.39 2.42 8.35 1716.46 1.00 1.00 1715.53 159.20 1714.59 16.20 1713.66 1713.66 44.76 1.00 1.71 1.71 1.71 0.00 0.00 0.01 0.05 0.00 0.00 0.00 0.00 0.00 0.00 0.00 0.00 0.00 0.00 0.00 0.00 0.13 1.71 0.85 1704.31 1703.38 1703.38 1703.38 22.96 1259.82 34.55 1701.53 1701.53 1700.61 80.86 133.65 2.05 1.00 1.00 1.00 1.00 1697.85 nan nan nan 1696.94 1.00 1.00 1.00 1.00 1.00 1694.22 91.04 672.43 1544.02 20.50 1442.22 1692.43 nan nan nan nan nan nan 1689.77 nan 1688.89
160.77 9.54 1.72 1.72 0.00 1.00 6.32 1717.39 33.18 1.00 1.00 1.00 1.00 1.00 3.89 10.42 1714.59 3.43 14.31 21.41 8.88 28.07 nan 1.71 0.00 0.00 0.00 0.01 0.00 0.00 0.00 0.00 0.00 0.00 0.00 0.00 0.00 0.00 0.01 0.00 0.00 1.71 1.71 1.70 1704.31 1703.38 1703.38 1703.38 1702.45 69.06 1702.45 1701.53 1701.53 1700.61 188.36 65.97 3.86 1.00 1.00 1.00 1.00 606.26 nan nan nan nan 1696.03 11.72 1.00 1.00 1.00 17.58 202.02 1694.22 nan nan nan nan 1692.43 1691.54 nan nan 1690.65 nan nan nan 1688.89
