OUTPUT-RE/DISPLACEMENTS/Dist_20th_475years/Disp_20th__Earthquake475m-02_PGA=4.33__Ru=0.27_20.txt
ncols         654
nrows         1178
xllcorner     514480
yllcorner     4496780
cellsize      20
nodata_value  -9999.0
[rows 912 to 949 of 1178, columns 522 to 608 of 654]
nan 0.00 0.00 nan nan nan 1.65 0.01 nan 1.65 1.65 1.65 1.65 1.65 1.65 nan 1.65 0.94 1.65 1.49 0.01 0.00 0.00 0.01 0.00 1.65 1.65 1.65 1.65 1.65 0.01 0.00 0.00 0.00 0.00 0.02 0.00 1.44 1.64 0.01 0.00 0.00 0.00 0.00 0.03 1.64 1.64 1.64 1.64 0.07 0.00 0.00 0.00 0.00 0.00 0.00 0.00 0.00 0.00 0.00 0.00 0.00 0.02 0.00 1.64 0.54 0.06 0.49 0.06 0.07 1.64 1.64 1.64 nan nan nan 1.64 nan nan nan 1.64 0.32 nan nan nan nan 1.64
0.00 0.00 0.00 0.00 nan nan 0.02 0.00 1.65 1.65 1.65 1.65 1.65 nan nan 1.65 1.54 1.65 1.65 0.09 1.65 0.01 0.03 nan nan nan nan 1.65 1.65 1.65 0.06 1.50 0.01 0.25 0.07 0.01 0.06 1.64 1.64 0.01 0.00 0.00 0.00 0.01 0.86 1.64 0.99 0.05 0.01 0.04 0.01 0.00 0.00 0.00 0.00 0.01 0.00 0.00 0.00 0.00 0.00 0.00 0.05 1.64 1.64 1.64 1.64 1.64 0.13 1.55 1.64 1.64 1.64 nan 1.64 nan nan nan nan 1.64 1.64 0.00 1.56 nan nan nan nan
0.00 0.00 0.00 0.00 nan nan 0.00 0.00 0.06 nan nan 1.65 1.65 1.65 1.65 1.65 1.65 1.65 1.61 1.65 0.01 nan nan nan nan nan nan nan 1.65 0.04 nan 1.65 1.64 0.15 0.43 0.00 0.09 1.64 1.64 0.02 0.00 0.01 1.64 1.64 0.04 0.01 0.00 0.00 0.03 0.04 0.00 0.00 0.00 0.00 0.00 0.01 0.00 0.01 0.00 0.00 0.00 0.02 0.17 1.64 1.64 1.64 1.64 1.44 1.64 1.64 1.64 1.64 1.64 nan nan nan 1.64 1.64 nan 1.64 1.64 0.98 0.02 nan nan nan nan
0.00 0.00 0.00 0.00 nan nan 1.65 0.01 1.65 nan 1.65 nan 1.65 1.65 1.14 1.65 1.65 1.65 1.65 0.81 nan nan nan nan nan nan nan nan nan nan nan 1.65 1.64 0.02 0.43 0.02 0.01 1.64 1.64 0.06 0.00 1.64 1.64 0.13 0.01 0.01 0.00 0.00 0.01 0.03 0.01 0.00 0.00 0.00 0.00 0.00 0.00 0.01 0.00 0.00 0.01 0.76 1.64 0.28 1.64 1.64 1.64 1.64 1.64 1.64 1.64 nan nan nan nan 1.64 0.82 0.00 0.07 1.64 1.64 1.64 1.64 nan nan nan 1636.00
0.00 0.00 0.01 0.00 nan nan nan 1.65 nan nan 1.65 1.65 1.65 1.65 1.65 1.65 1.65 1.65 1.65 nan nan nan nan nan nan nan nan nan nan nan nan 1.65 1.65 0.47 0.29 0.08 0.01 1.65 1.65 0.00 1.19 1.64 1.64 0.02 0.01 0.01 0.01 0.02 0.00 0.00 0.00 0.02 1.64 1.64 0.01 0.00 0.00 0.00 0.01 0.11 1.12 1.64 1.64 0.02 1.64 0.03 1.64 1.64 nan nan nan nan nan nan nan nan nan nan 1.64 1.64 1.64 nan nan 1637.63 1637.63 1637.63 1637.26
0.00 0.01 1.55 1.65 1.65 0.00 0.02 0.00 nan nan 1.65 1.65 1.65 1.62 1.65 1.65 1.65 0.60 nan nan nan nan nan nan nan nan nan nan nan nan nan 1.65 1.65 1.65 0.22 0.04 0.01 1.65 1.65 1.28 1.64 1.64 1.64 0.02 0.01 0.01 0.01 0.00 0.00 0.00 0.63 1.64 nan 1.64 0.01 0.00 0.00 0.00 1.64 1.64 1.64 1.64 1.64 0.00 0.01 0.01 0.12 0.85 1.64 1.64 nan nan nan 1.64 nan nan nan nan nan 1.64 1.64 1.64 1638.00 17.93 4.66 2.18 1.00
0.02 1.14 1.65 1.65 1.65 0.02 0.00 0.00 1.65 1.65 0.00 0.01 1.22 0.10 0.61 0.10 1.65 nan nan nan nan nan nan nan nan nan nan nan nan nan nan nan nan nan 1.65 0.06 0.06 1.65 1.65 nan 1.64 1.64 1.64 0.03 0.19 0.00 0.00 0.00 0.00 0.01 1.64 1.64 nan nan 0.02 0.05 1.64 1.01 1.64 1.64 1.64 1.64 nan nan 1.64 1.64 0.73 1.64 1.64 1.64 1.64 nan 0.00 0.00 0.00 nan nan nan nan nan nan nan 1638.00 1.81 1.00 1.19 1.00
1.65 nan nan 1.65 0.00 0.00 0.00 0.00 0.44 0.00 0.00 0.10 1.65 1.26 0.03 0.00 0.00 1.65 nan nan nan nan nan nan nan nan nan nan nan nan nan nan nan nan nan nan nan nan nan nan nan nan 1.64 1.64 1.64 1.64 0.06 1.45 1.64 nan 1.64 nan nan nan nan nan nan nan nan 1.64 1.64 1.64 1.64 nan nan 1.64 1.64 nan 1.64 1.64 1.64 0.00 0.00 0.00 0.00 nan nan nan nan nan nan nan 1638.00 1.00 1.00 1.00 2.49
1.65 1.65 nan nan 1.65 0.00 0.00 0.00 1.65 0.05 0.00 1.65 1.65 1.65 0.05 0.05 nan nan nan nan nan nan nan nan nan nan nan nan nan nan nan nan nan nan nan nan nan nan nan nan nan nan nan nan nan nan nan nan nan nan nan nan nan nan nan nan nan nan nan nan 1.64 1.64 1.64 nan nan nan nan nan 1.64 1.64 0.01 0.00 0.00 0.00 0.00 nan nan nan nan nan nan nan 74.46 1.00 1.00 1.00 1.00
1.65 nan nan 1.65 0.00 0.00 0.00 0.00 1.65 1.65 1.65 1.65 1.65 1.65 1.65 nan nan nan nan nan nan nan nan nan nan nan nan nan nan nan nan nan nan nan nan nan nan nan nan nan nan nan nan nan nan nan nan nan nan nan nan nan nan nan nan nan nan nan nan nan nan 1.64 1.64 nan nan nan nan nan 1.64 0.03 0.00 0.00 0.00 0.00 0.00 nan nan nan nan nan nan 23.83 1.26 4.27 1.34 1.75 1.12
1.65 nan nan 1.65 0.00 0.00 0.00 0.00 1.65 0.56 1.09 1.65 1.65 nan nan nan nan nan nan nan nan nan nan nan nan nan nan nan nan nan nan nan nan nan nan nan nan nan nan nan nan nan nan nan nan nan nan nan nan nan nan nan nan nan nan nan nan nan nan nan nan nan nan nan nan nan nan 1.64 1.08 0.00 0.00 0.00 0.00 0.00 0.00 1.64 nan nan nan nan nan 2.28 2.99 16.19 4.67 9.56 3.54
1.65 nan nan 1.65 0.00 0.00 0.00 0.00 0.02 0.09 1.65 1.65 1.65 1.65 1.65 1.65 nan nan nan nan nan nan nan nan nan nan nan nan nan nan nan nan nan nan nan nan nan nan nan nan nan nan nan nan nan nan nan nan nan nan nan nan nan nan nan nan nan nan nan nan nan nan nan nan 1.64 nan 1.64 1.64 0.01 0.00 0.00 0.00 0.00 0.00 1.64 nan nan nan nan nan nan nan 1639.26 208.00 47.09 44.25 4.07
1.65 1.65 1.65 1.65 0.01 0.00 0.00 0.00 0.02 1.65 1.65 1.65 1.65 1.65 1.65 1.65 nan nan nan nan nan nan nan nan nan nan nan nan nan nan nan nan nan nan nan nan nan nan nan nan nan nan nan nan nan nan nan nan nan nan nan nan nan nan nan nan nan nan nan nan nan nan nan nan nan 1.64 1.64 0.04 0.00 0.00 0.00 0.00 0.00 0.17 nan nan nan nan nan nan nan 1.64 1639.26 1638.89 1638.89 444.23 11.14
0.02 1.66 1.66 1.66 0.01 0.00 0.00 0.00 0.00 nan nan nan 1.65 1.65 1.65 1.65 1.65 nan nan nan nan nan nan nan nan nan nan nan nan nan nan nan nan nan nan nan nan nan nan nan nan nan nan nan nan nan nan nan nan nan nan nan nan nan nan nan nan nan nan nan 1.64 nan nan 1.64 1.64 1.64 1.64 0.00 0.00 0.06 0.81 0.01 0.07 nan nan nan nan nan nan nan nan 1.64 1.64 1.22 1640.15 1640.15 175.40
0.01 0.02 0.18 0.00 0.01 0.00 0.00 0.00 0.39 nan nan nan 1.65 0.05 0.27 1.40 1.65 nan nan nan nan nan nan nan nan nan nan nan nan nan nan nan nan 1.65 1.65 1.65 nan nan nan nan nan nan nan nan nan nan nan nan nan nan nan nan nan nan nan nan nan nan nan 1.64 1.64 1.64 0.09 0.01 0.00 0.00 0.01 0.01 0.03 1.64 1.64 0.19 1.64 1.64 nan nan nan 1.64 1.64 1.64 nan 1.64 1.64 1.64 1.64 0.20 0.35
0.00 0.00 0.00 0.01 0.00 0.01 0.00 0.00 nan nan nan nan 1.65 0.06 0.12 0.02 1.29 nan nan nan nan nan nan nan nan nan nan nan nan nan 0.00 1.65 0.03 0.00 0.00 0.02 1.65 nan nan 0.00 0.00 0.00 0.00 0.00 0.80 1.65 1.65 nan nan nan nan nan nan nan nan nan 0.21 0.01 1.64 1.64 1.64 0.91 0.00 0.00 0.00 0.00 1.62 1.64 0.01 0.49 0.25 0.08 1.64 nan nan nan nan 1.64 1.64 1.64 1.64 1.64 nan 1.64 1.64 1.64 0.15
0.00 0.00 0.00 0.00 0.00 0.00 0.01 0.33 1.65 1.65 0.12 1.65 1.65 1.65 1.65 1.65 1.65 nan nan nan nan nan nan nan nan nan nan nan nan 1.65 0.08 0.00 0.00 0.00 0.00 0.00 0.00 0.00 nan 1.65 0.00 0.00 0.00 0.00 0.00 0.00 0.00 0.00 0.00 0.01 1.65 nan nan nan 0.01 0.00 0.00 0.00 0.00 1.64 0.01 0.00 0.00 0.00 0.00 0.08 0.15 0.00 0.01 0.01 0.01 0.07 1.64 nan nan nan nan nan 1.64 1.64 1.64 nan nan nan 1.64 1.64 0.00
0.01 0.01 0.00 0.00 0.01 0.01 1.65 0.14 0.13 0.10 0.00 0.03 nan nan nan 1.65 nan nan nan nan nan nan nan nan nan 1.65 nan nan 1.65 0.79 0.00 0.00 0.00 0.00 0.00 0.01 1.65 1.65 nan nan nan 0.01 0.00 0.00 0.00 0.00 0.00 0.00 0.00 0.00 0.01 1.65 1.65 1.65 1.65 1.64 1.64 1.64 1.64 0.00 0.00 0.00 0.00 0.00 0.01 0.04 0.01 0.00 0.01 0.00 0.01 0.02 1.64 nan nan nan nan nan nan nan nan nan nan 1.64 1.64 0.01 0.00
0.00 0.01 0.00 0.00 0.01 0.07 1.66 1.66 0.06 0.01 0.00 0.03 nan nan nan 1.65 1.65 nan nan nan nan nan nan nan 1.65 nan nan nan 1.65 0.00 0.00 0.63 0.00 0.00 0.00 1.65 1.65 nan 1.65 nan nan nan nan 1.65 0.00 0.00 0.00 0.00 0.00 0.00 0.00 0.01 0.00 0.06 nan nan nan 1.65 1.65 0.00 0.00 0.00 0.00 0.00 0.01 0.03 0.00 0.00 0.01 0.01 0.01 0.11 1.64 nan nan nan nan nan nan nan 1.64 nan nan 1.64 0.93 0.00 0.00
0.00 0.00 0.00 0.00 0.01 0.05 0.05 0.06 0.13 0.00 0.00 0.02 nan nan nan nan nan nan nan nan nan nan nan nan nan nan nan 1.65 0.39 0.01 0.03 0.00 0.00 0.01 1.65 1.65 1.65 1.65 0.00 nan nan nan nan nan nan 0.00 0.00 0.00 0.00 1.65 1.65 1.65 0.18 1.65 nan nan nan nan 1.65 0.19 0.01 0.00 0.00 0.00 0.01 0.03 0.00 0.00 0.00 0.03 0.14 1.64 nan nan 1.64 nan nan nan nan 1.64 1.04 1.64 1.64 1.64 0.00 0.00 0.00
1.66 0.00 0.00 0.01 0.04 0.04 0.05 0.05 0.00 0.00 0.00 0.01 nan nan nan 1.65 1.65 1.65 nan nan nan nan nan nan nan nan nan 1.65 0.00 0.02 0.01 0.00 0.00 0.00 0.00 0.00 0.00 0.01 0.00 1.65 1.65 nan nan nan nan nan nan nan nan nan nan 1.65 1.65 1.65 1.65 1.65 nan nan 1.65 1.65 0.08 0.00 0.00 0.00 0.00 0.01 0.00 0.00 0.00 0.01 0.27 1.64 nan nan nan nan nan nan nan 1.64 0.00 0.00 0.01 0.03 0.00 0.00 0.00
nan 1.66 1.66 0.59 0.01 0.00 0.00 0.00 0.00 0.00 0.00 0.00 nan nan nan 1.65 1.65 1.65 nan nan nan nan nan nan nan nan nan nan 1.65 0.00 0.00 0.00 0.00 0.00 0.00 0.00 0.00 0.00 0.13 0.01 0.20 1.65 nan nan nan nan nan nan nan nan nan nan nan 1.65 0.01 1.65 0.01 1.65 1.65 1.65 1.65 0.13 0.00 0.00 0.00 0.00 0.00 0.01 0.07 0.01 0.01 0.01 0.01 nan nan nan nan nan nan nan 1.64 1.64 1.64 0.44 0.00 0.00 0.00
1.66 1.66 0.66 0.01 0.00 0.00 0.00 0.00 0.00 0.00 0.00 0.00 1.66 nan nan nan 1.66 1.65 1.65 nan nan nan nan nan nan nan nan nan nan 1.65 0.00 0.00 0.00 0.00 1.65 1.65 0.00 0.00 0.02 0.00 0.01 0.02 0.02 1.65 1.65 nan nan nan nan nan nan nan nan 1.65 1.04 0.01 0.00 0.00 1.65 1.65 1.65 1.65 0.01 0.00 0.00 0.00 0.00 0.02 0.01 0.00 0.00 0.00 0.00 1.64 nan nan nan nan nan 1.64 1.64 1.64 1.64 1.64 0.00 0.00 0.00
1.66 0.56 0.00 0.00 0.00 0.00 0.00 0.00 0.00 0.00 0.00 0.01 1.66 nan nan nan 1.66 1.65 1.65 nan nan nan nan nan nan nan nan nan 1.65 1.65 0.09 0.00 0.01 1.65 1.65 1.65 0.04 0.00 0.01 0.00 0.01 0.01 0.00 0.00 0.00 0.00 0.00 0.00 1.65 nan nan nan 1.65 1.01 1.65 0.01 0.00 0.00 0.02 1.65 1.65 nan 1.65 1.65 0.01 0.00 0.24 1.65 0.01 0.00 0.00 0.00 0.00 1.64 nan nan nan nan nan nan 1.64 1.64 1.64 1.64 0.00 0.00 0.00
1.66 0.00 0.00 0.00 0.00 0.00 0.00 0.00 0.00 0.00 0.00 0.00 0.02 0.17 1.66 1.66 nan nan nan nan nan nan nan nan nan nan 1.65 1.65 1.65 1.65 1.65 1.65 nan nan 1.65 1.65 0.88 0.01 0.00 0.00 0.01 0.01 0.00 0.00 0.00 0.00 0.00 0.00 0.00 0.00 1.65 nan 1.65 0.01 0.89 0.00 0.00 0.00 0.04 1.65 1.65 nan nan nan 1.65 1.65 1.65 1.65 0.07 0.00 0.00 0.00 0.00 1.64 nan nan nan nan nan nan 1.64 1.64 1.64 0.01 0.00 0.00 0.00
1.66 0.00 0.00 0.00 0.00 0.00 0.00 0.00 0.00 0.00 0.00 0.00 0.00 0.01 1.66 1.66 nan nan nan nan nan 1.65 nan nan nan nan nan nan 1.65 1.65 1.65 nan nan nan nan 1.65 1.65 0.00 0.00 0.00 0.00 0.01 0.04 0.02 0.00 0.00 0.00 0.00 0.00 0.00 0.00 1.65 1.65 0.01 0.00 0.00 0.00 0.00 0.03 1.65 1.65 nan nan 1.65 1.65 1.65 1.65 1.65 0.09 0.00 0.00 0.00 0.00 1.64 nan nan nan nan nan nan nan nan 1.64 0.00 0.00 0.00 0.00
nan 1.66 0.00 0.00 0.00 0.00 0.00 0.00 0.00 0.00 0.00 0.00 0.00 0.00 0.07 1.66 nan nan nan 1.65 1.65 nan nan 1.65 1.65 nan nan nan 1.65 1.65 1.65 nan nan nan nan 1.65 1.65 0.00 0.00 0.00 0.00 0.00 0.00 0.00 0.02 0.01 0.00 0.00 0.00 0.00 0.00 0.00 1.65 0.01 0.00 0.00 0.00 0.00 0.04 1.65 0.11 1.65 1.65 1.65 1.65 1.65 1.65 1.65 0.39 0.01 0.00 0.00 0.00 1.64 nan nan nan nan nan nan nan nan 1.64 0.00 0.00 0.00 0.00
1.66 0.08 0.00 0.00 0.00 0.00 0.00 0.00 0.00 0.00 0.00 0.00 0.00 0.00 0.00 1.63 nan nan nan 1.66 nan nan nan nan nan nan nan nan nan 1.65 1.65 1.65 1.65 0.41 0.01 0.01 0.00 0.00 0.00 0.00 0.00 0.00 0.00 0.71 0.40 0.00 0.00 0.00 0.00 0.00 0.00 0.00 0.00 0.01 0.03 0.00 0.00 0.01 0.06 0.01 0.00 0.00 0.03 1.65 1.65 1.65 1.65 nan 1.65 1.65 0.00 0.00 1.65 nan nan nan nan nan nan 1.64 1.64 nan 1.64 0.00 0.00 0.00 0.00
1.66 0.01 0.00 0.00 0.00 0.00 0.00 0.00 0.00 0.00 0.00 0.00 0.00 0.00 0.00 0.00 1.66 nan nan 1.66 1.66 nan nan nan nan nan nan nan nan nan nan 1.65 1.65 0.02 0.00 0.00 0.00 0.00 0.00 0.00 0.00 0.04 1.47 0.32 0.00 0.00 0.00 0.00 0.00 0.00 0.00 0.00 0.00 0.00 0.99 0.01 0.00 0.00 0.00 0.00 0.00 0.00 0.00 1.65 1.65 nan nan 1.65 nan nan nan nan nan nan nan nan nan nan nan 1.64 nan 1.64 0.00 0.00 0.00 0.00 0.00
1.66 1.14 0.02 0.00 0.00 0.00 0.00 0.02 0.01 0.00 0.00 0.00 1.66 0.10 0.01 0.10 1.66 1.66 1.66 1.66 1.66 0.04 nan nan nan nan nan nan nan nan nan 1.65 1.65 1.65 0.00 0.00 0.00 0.00 0.00 0.00 0.00 0.11 1.65 0.00 0.00 0.00 0.00 0.00 0.00 0.00 0.00 0.00 0.00 0.00 0.00 0.00 0.00 0.00 0.00 0.00 0.00 0.00 0.00 1.65 1.65 nan nan nan nan nan nan nan nan nan nan nan nan nan nan nan nan 1.45 0.00 0.00 0.00 0.00 0.00
1.66 0.00 0.00 0.00 0.00 0.00 0.00 0.00 0.00 0.00 0.02 0.07 1.66 1.66 1.66 1.66 1.66 0.05 0.00 0.00 0.00 0.00 0.00 0.00 1.66 nan nan nan nan nan 1.65 1.65 1.65 1.48 0.00 0.00 0.00 0.00 0.00 0.00 0.00 0.00 1.65 0.14 0.00 0.01 0.00 0.00 0.00 0.00 0.00 0.00 0.00 0.00 0.00 0.00 0.00 0.00 0.00 0.00 0.00 0.00 0.00 0.00 1.65 1.65 1.65 nan nan nan nan nan nan nan nan nan nan 1.65 1.64 1.64 nan 0.07 0.00 0.00 0.00 0.00 0.00
1.66 0.00 0.00 0.00 0.00 0.00 0.00 0.00 0.00 1.66 0.00 1.66 nan nan nan 1.66 1.66 0.30 0.83 1.66 1.66 0.00 0.00 1.66 nan 1.66 1.66 1.66 0.00 1.66 1.65 1.65 1.65 0.00 0.01 0.01 0.00 0.00 0.00 0.00 0.00 0.00 0.01 1.65 0.00 0.01 0.00 0.00 0.00 0.00 0.00 0.00 0.00 0.00 0.00 0.00 0.00 0.00 0.00 0.00 0.00 0.00 0.00 0.00 1.65 0.06 1.65 nan 1.65 1.65 nan 1.65 nan nan nan nan 0.01 1.65 1.65 1.65 1.65 0.00 0.00 0.00 0.00 0.00 0.00
1.66 0.01 0.05 0.00 0.00 0.00 0.01 0.00 0.31 1.66 1.66 nan nan nan nan 1.66 1.66 1.66 1.66 1.66 0.00 nan nan nan nan nan 1.66 0.00 0.00 0.00 0.00 0.00 0.00 0.01 0.00 0.00 0.00 0.00 0.00 0.00 0.00 0.00 0.00 0.00 0.00 0.00 0.00 0.00 0.00 0.00 0.00 0.00 0.00 0.00 0.00 0.00 0.00 0.00 0.00 0.00 0.00 0.00 0.00 0.01 0.22 0.08 1.65 0.02 0.00 0.00 1.65 1.65 nan nan 1.65 0.00 0.13 0.03 0.14 1.65 1.65 0.00 0.00 0.00 0.00 0.00 0.00
1.66 1.66 1.66 0.01 0.00 0.00 1.66 0.01 1.66 nan nan nan nan nan nan nan nan 1.66 1.66 nan nan nan nan nan nan nan nan 1.66 0.00 0.00 0.00 0.00 0.00 0.00 0.00 0.00 0.00 0.00 0.00 0.00 0.00 0.00 0.00 0.00 0.00 0.00 0.00 0.00 0.00 0.00 0.00 0.00 0.00 0.00 0.00 0.00 0.00 0.00 0.00 0.00 0.00 0.00 0.00 0.01 1.65 0.05 0.00 0.00 0.00 0.00 0.00 1.65 1.65 0.16 0.00 0.00 0.00 0.00 0.01 0.11 0.20 0.00 0.00 0.00 0.00 0.00 0.00
nan 0.01 0.00 0.07 1.66 0.01 0.21 0.28 1.66 nan nan nan nan nan nan nan nan nan nan nan nan nan nan nan nan nan nan nan 1.66 0.00 0.00 0.00 0.00 0.00 0.00 0.00 0.00 0.00 0.01 0.01 0.00 0.00 0.00 0.00 0.00 0.00 0.00 0.00 0.00 0.00 0.00 0.00 0.00 0.00 0.00 0.00 0.00 0.00 0.00 0.00 0.00 0.00 0.01 1.65 1.65 1.65 1.65 1.65 1.65 1.65 0.12 1.65 1.65 0.02 0.00 0.00 0.00 0.00 0.00 0.01 0.05 0.44 0.00 0.00 0.00 0.00 0.00
1.66 0.00 0.00 1.66 1.66 1.66 1.66 1.66 nan nan nan nan nan nan nan nan nan nan nan nan nan nan nan nan nan nan nan nan nan nan nan 1.65 0.04 0.01 0.00 0.00 0.00 0.01 0.02 0.00 0.00 0.00 0.00 0.00 0.00 0.00 0.00 0.00 0.00 0.00 0.00 0.00 0.00 0.00 0.00 0.00 0.00 1.65 1.13 0.01 0.02 1.61 1.65 nan nan nan nan nan nan nan nan 1.65 nan 1.65 0.00 0.00 0.00 0.01 0.03 0.18 1.65 1.65 1.65 1.65 1.65 0.01 0.01
0.00 0.00 0.00 1.66 nan 1.66 0.00 0.00 nan nan nan nan nan nan nan nan nan nan nan nan nan nan nan nan nan nan nan nan nan nan nan nan 0.03 0.01 0.00 0.00 0.00 0.00 0.00 0.00 0.00 0.00 0.00 0.00 0.00 0.00 0.00 0.00 0.00 0.00 0.00 0.27 0.00 0.00 0.00 0.00 0.00 0.60 1.65 1.65 1.65 nan nan nan nan nan nan nan nan nan nan nan nan nan 1.65 0.04 0.01 0.00 0.01 0.00 0.01 0.41 1.65 1.65 1.65 1.65 0.02
0.00 0.00 0.00 0.00 1.66 nan 1.66 nan nan nan nan nan nan nan nan nan nan nan nan nan nan nan nan nan nan nan nan nan nan nan nan 1.66 0.09 0.02 0.02 0.01 0.00 0.00 0.01 0.00 0.00 0.00 0.00 0.00 0.00 0.00 0.00 0.00 0.00 0.00 0.76 nan 1.65 0.15 0.00 0.00 0.00 0.00 1.65 1.65 nan nan nan nan nan nan nan nan nan nan nan nan nan nan nan nan nan 0.17 0.01 0.00 0.01 0.01 0.03 1.65 1.65 1.65 1.65
