OUTPUT-RE/DISPLACEMENTS/Dist_20th_475years/Disp_20th__Earthquake475m-06_PGA=3.91__Ru=0.27_20.txt
ncols         654
nrows         1178
xllcorner     514480
yllcorner     4496780
cellsize      20
nodata_value  -9999.0
[rows 608 to 645 of 1178, columns 87 to 173 of 654]
nan nan 1.13 0.57 0.00 0.00 0.00 82.56 21.28 122.04 1124.43 1124.43 1124.43 1124.03 1124.03 0.22 1.07 0.05 0.01 0.09 1.12 1.12 2541.63 5.32 4.35 21.66 457.99 2588.27 3364.73 nan nan nan 3363.46 3362.17 3362.17 3362.17 30.32 5.96 476.77 3359.58 3359.58 3358.27 71.18 149.30 3055.81 17.68 6.80 13.62 75.84 1504.49 52.65 14.56 18.34 7.18 3.00 4.61 14.01 87.16 1214.38 1028.07 1974.59 31.97 5.15 16.01 27.79 49.40 571.91 0.00 0.00 0.00 0.00 0.00 0.00 0.00 0.00 0.00 0.00 0.00 0.00 0.00 0.00 0.00 0.00 0.00 0.00 0.00 0.00
nan nan nan 1.13 0.00 0.00 0.00 0.00 2.77 62.22 1124.43 1124.43 1124.43 1124.03 1124.03 0.02 0.02 0.01 0.03 1.12 0.71 0.02 0.00 0.00 13.39 20.34 22.60 21.42 129.02 3364.73 nan 3363.46 3363.46 3362.17 1664.16 310.39 2199.92 3360.88 3359.58 3359.58 2965.06 3289.84 75.74 114.12 1370.76 42.38 13.64 15.10 33.78 115.64 26.64 10.00 32.35 46.84 8.01 11.84 17.93 117.94 1319.56 4.20 3.00 17.43 79.05 96.35 98.14 101.09 226.92 0.00 0.00 0.00 0.00 0.00 0.00 0.00 0.00 0.00 0.00 0.00 0.00 0.00 0.00 0.00 0.00 0.00 0.00 0.00 0.00
nan nan nan nan 0.01 0.00 0.00 0.00 3.91 1124.82 1124.43 1124.43 1124.43 1124.03 1124.03 1123.63 0.02 0.00 0.02 1.12 0.01 0.01 0.01 0.00 0.00 0.00 0.00 1343.83 1491.60 3364.73 14.68 41.12 3363.46 3362.17 2441.51 3362.17 3360.88 3360.88 3359.58 1674.67 1718.21 1757.74 1701.14 1799.12 1838.55 13.34 3.00 6.70 48.25 176.38 27.53 3.47 3.36 177.84 1912.29 1202.99 1590.80 41.62 19.93 773.41 3348.81 26.97 3.00 5.11 47.78 46.42 21.36 0.00 0.00 0.00 0.00 0.00 0.00 0.00 0.00 0.00 0.00 0.00 0.00 0.00 0.00 0.00 0.00 0.00 0.00 0.00 0.00
nan nan nan nan 1125.58 56.21 0.00 0.00 0.01 1124.82 1124.43 1124.43 1124.43 nan 255.96 5.77 1123.63 0.00 0.00 0.00 0.01 0.01 0.03 0.00 0.00 0.00 0.00 0.00 0.00 3364.73 3.00 3.00 242.04 3362.17 3362.17 3362.17 3360.88 3360.88 3359.58 1752.20 1798.51 1682.36 1745.38 2049.85 3.50 3.00 5.08 13.21 23.43 126.04 114.29 20.29 13.20 222.82 657.77 24.30 1100.49 2368.94 533.32 3348.81 3348.81 13.75 3.00 3.00 3.00 21.55 0.00 0.00 0.00 0.00 0.00 0.00 0.00 0.00 0.00 0.00 0.00 0.00 0.00 0.00 0.00 0.00 0.00 0.00 0.00 0.00 0.00
nan nan nan nan nan nan 1.00 0.00 0.00 1.13 1125.46 1125.46 1125.46 1125.06 1125.06 1124.67 4.47 1.00 0.00 0.00 0.77 1.12 0.00 0.00 0.00 0.00 0.00 0.00 0.00 0.00 0.00 0.00 nan nan 3365.30 3365.30 3364.01 3364.01 3354.85 2997.99 1365.60 35.79 30.19 7.03 4.33 4.17 10.49 13.54 13.40 47.08 92.03 24.65 6.32 105.10 2092.68 32.25 2929.30 3353.33 3353.33 3351.95 37.99 3.00 9.23 3.00 3.00 0.00 0.00 0.00 0.00 0.00 0.00 0.00 0.00 0.00 0.00 0.00 0.00 0.00 0.00 0.00 0.00 0.00 0.00 0.00 0.00 0.00 0.00
nan nan nan nan nan nan 1126.23 5.87 1.13 1.13 0.11 775.47 1125.46 1125.06 5.96 41.61 1124.67 1.00 1.00 0.00 0.07 0.03 0.00 0.00 0.00 0.00 0.00 0.00 0.00 0.00 0.00 0.00 1.12 1.12 1.12 nan 3364.01 5.96 122.12 504.39 35.03 33.18 22.16 16.00 12.22 13.63 14.25 14.05 13.95 45.19 50.95 12.15 3.00 3.00 23.10 3354.69 3353.33 nan nan 3.00 13.13 3.37 3.00 0.00 0.00 0.00 0.00 0.00 0.00 0.00 0.00 0.00 0.00 0.00 0.00 0.00 0.00 0.00 0.00 0.00 0.00 0.00 0.00 0.00 0.00 0.00 0.00
nan nan nan 1126.61 nan nan nan nan nan nan 1.13 1.13 5.88 879.00 2.37 1124.67 17.00 1.00 15.68 124.42 0.00 0.00 0.00 0.00 0.00 0.00 0.00 0.00 0.00 0.00 0.00 0.17 1.12 1.12 1.12 1.12 0.00 0.00 0.00 4.32 9.79 331.76 1023.82 17.81 14.52 14.39 14.32 14.11 13.96 1104.45 2176.28 18.32 16.91 3356.05 11.56 19.89 2488.74 1752.99 3353.33 3.00 0.00 0.00 0.00 0.00 0.00 0.00 0.00 0.00 0.00 0.00 0.00 0.00 0.00 0.00 0.00 0.00 0.00 0.00 0.00 0.00 0.00 0.00 0.00 0.00 0.00 0.00 0.00
1.13 nan nan nan nan nan nan nan nan nan nan nan 0.10 6.09 nan nan 1.00 1124.67 nan 647.08 48.51 0.00 0.01 0.28 0.01 0.01 0.00 0.00 0.00 0.00 0.24 1.12 0.01 1.12 1.12 0.13 0.10 0.00 0.00 0.00 0.00 0.00 0.00 2566.54 1043.06 14.47 14.32 14.18 14.99 1577.33 1230.52 13.66 13.62 14.54 533.44 1269.90 3.00 0.00 0.00 0.00 0.00 0.00 0.00 0.00 0.00 0.00 0.00 0.00 0.00 0.00 0.00 0.00 0.00 0.00 0.00 0.00 0.00 0.00 0.00 0.00 0.00 0.00 0.00 0.00 0.00 0.00 0.00
0.00 nan nan nan nan nan nan nan nan nan nan nan nan 1.13 nan 9.07 1124.67 nan nan 1124.27 1123.86 0.00 1.12 1.00 0.60 0.05 0.00 0.00 0.01 1.12 0.39 0.00 0.00 0.00 0.00 0.00 0.00 0.18 0.00 0.00 0.00 0.00 0.04 0.00 0.00 0.00 0.00 0.00 0.00 1610.74 717.86 0.00 0.00 0.00 0.00 0.00 0.00 0.00 0.00 0.00 0.00 0.00 0.00 0.00 0.00 0.00 0.00 0.00 0.00 0.00 0.00 0.00 0.00 0.00 0.00 0.00 0.00 0.00 0.00 0.00 0.00 0.00 0.00 0.00 0.00 0.00 0.00
0.00 1.13 nan nan nan nan nan nan nan nan nan nan nan nan 1126.10 1125.70 nan nan nan nan 1124.90 nan 1.12 1.12 1.12 1.12 0.01 1.03 1.12 0.00 0.01 11.21 1.12 0.00 0.00 0.00 0.00 0.00 0.01 0.02 0.04 1.12 1.12 0.00 0.00 0.00 0.00 0.00 0.00 0.00 0.00 0.00 0.00 0.00 0.00 0.00 0.00 0.00 0.00 0.00 0.00 0.72 0.00 0.00 0.00 0.00 0.00 0.00 0.00 0.00 0.00 0.00 0.00 0.00 0.00 0.00 0.00 0.00 0.00 0.00 0.00 0.00 0.00 0.00 0.00 0.00 0.00
0.00 nan nan nan nan nan nan nan nan nan nan nan nan nan nan nan nan nan nan nan 1124.90 1124.90 1124.90 1.12 0.29 0.01 1.12 1.12 0.00 11.91 1123.66 4.28 2.18 1.00 0.00 0.00 0.00 0.00 0.00 0.02 0.02 0.01 0.00 0.00 0.00 0.00 0.00 0.00 0.00 0.00 0.00 0.00 0.00 0.00 0.00 0.00 0.01 0.02 0.00 0.00 0.01 0.00 0.00 0.00 0.00 0.00 0.00 0.00 0.00 0.00 0.00 0.00 0.00 0.00 0.01 0.00 0.00 0.00 0.00 0.00 0.00 0.00 0.00 0.00 0.00 0.00 0.00
nan nan nan 1.13 nan nan nan nan nan nan nan nan nan nan 1126.10 1125.70 nan nan 25.30 1125.30 1042.39 1124.90 1124.90 6.71 0.00 0.14 1.12 0.00 1.00 1.00 1.00 1.00 1.00 1.00 1.00 0.00 0.00 0.00 0.00 0.00 0.00 0.01 0.01 0.00 0.00 0.00 0.02 0.00 0.00 0.00 0.00 0.00 0.00 0.00 0.64 0.06 0.00 0.00 1.12 0.02 0.00 0.03 0.01 0.00 0.00 0.00 0.00 0.00 0.00 0.00 0.00 0.00 0.00 0.00 0.03 0.00 0.00 0.00 0.00 0.00 2.00 2.00 0.00 0.00 0.00 0.00 0.00
nan 1.13 0.02 0.62 nan 1127.26 1127.26 nan nan nan nan nan nan nan 173.97 1125.70 nan 1125.70 1125.30 1125.30 1124.90 1124.90 1124.90 6.24 1.67 0.11 0.01 1.00 1.00 1.00 1.12 43.75 2.92 1.00 1.00 1.00 0.00 0.00 0.00 0.00 0.00 0.00 0.00 0.00 0.00 0.00 0.05 0.01 0.00 0.00 0.00 0.00 0.00 0.00 0.00 0.00 0.01 0.02 0.01 0.00 0.00 0.00 0.01 0.00 0.00 0.00 0.00 0.00 0.00 0.00 0.00 0.00 0.00 0.00 0.03 0.00 0.00 0.00 0.00 2.00 2.00 2.00 2.00 2.00 2.00 0.00 0.00
1.13 1.13 0.03 1.13 1.13 1128.29 1128.29 1128.29 nan nan 1127.53 nan 1127.53 nan nan nan nan nan nan nan 1125.94 nan 1125.94 1125.54 1125.54 0.00 0.01 1125.13 838.65 17.23 633.04 1124.29 21.49 3.96 6.61 90.19 1123.44 0.01 0.00 0.00 0.00 0.01 0.01 0.01 0.01 0.03 0.01 0.01 0.01 0.00 0.00 0.00 0.00 0.00 0.00 0.00 0.00 0.00 0.00 0.00 0.00 0.01 0.02 0.02 0.01 0.00 0.00 0.00 0.00 0.00 0.00 0.00 0.00 0.00 0.01 0.00 0.00 0.00 71.28 5.11 2.00 2.00 2.00 2.00 2.00 2.00 2.00
nan 1.13 1.13 1.13 1.13 1.13 1128.29 11.52 nan nan nan 1127.53 1127.53 nan nan nan nan nan 1126.35 1126.35 1125.94 1125.94 1125.94 1125.54 1125.54 1125.13 1125.13 1125.13 1124.71 1124.71 1124.71 1124.29 9.59 11.61 1123.87 1123.87 1123.44 0.01 0.01 0.00 0.00 0.00 0.00 0.00 0.01 0.03 0.03 1121.69 1121.25 703.32 42.98 1.84 0.00 0.00 0.00 0.00 0.00 0.00 0.00 0.01 0.24 0.03 0.00 0.00 0.02 0.01 0.00 0.00 0.00 0.00 0.00 0.00 0.00 0.00 0.00 0.00 0.00 56.23 3.81 2.00 2.00 2.00 2.00 2.00 2.00 2.00 2.00
nan 1.13 1.13 nan 1.13 0.08 1128.29 1128.29 nan nan nan 1127.53 nan nan nan nan nan nan 1126.35 278.69 10.06 10.75 2.06 65.97 1125.54 1125.13 nan 1125.13 1124.71 1124.71 1124.71 1124.29 123.47 1123.87 1123.87 1123.87 1123.44 1123.44 0.00 0.00 0.00 0.00 0.00 0.00 0.06 1.12 1121.69 1121.69 1121.25 1121.25 14.47 5.68 46.58 64.56 2.62 0.00 0.00 0.00 0.00 0.00 0.02 0.01 0.00 0.00 0.00 0.01 0.02 0.00 0.00 0.00 0.00 0.00 0.00 0.00 0.00 0.00 0.00 7.41 2.00 2.00 2.00 2.00 2.00 2.00 2.00 2.00 2.00
1.13 1.13 nan 1.13 0.09 0.01 0.10 1128.29 nan nan nan 165.60 nan nan nan nan nan nan 1126.35 5.39 8.30 2.55 1.00 3.33 13.33 1125.13 nan nan 1124.71 1124.71 nan nan 1124.29 1123.87 1123.87 1123.87 1123.44 1123.44 0.01 0.00 0.00 0.00 0.00 1.12 0.41 0.01 1121.69 1121.69 663.63 1121.25 6.45 1.00 1.33 1.50 1.00 1.00 4.20 4.39 0.00 0.00 0.00 0.01 0.01 0.01 0.00 0.00 0.00 0.00 0.00 0.00 0.00 0.00 0.00 0.00 0.00 0.00 0.00 2.00 2.00 2.00 2.00 2.00 2.00 2.00 2.00 2.00 2.00
1.13 nan nan 1.13 0.90 0.00 0.01 0.95 823.69 24.32 1127.53 228.80 nan nan 1127.14 nan nan 1126.74 nan 1126.35 14.83 2.55 1.51 1.00 1.00 510.96 1125.13 nan 1124.71 nan nan 1124.29 1124.29 1123.87 1123.87 1123.87 1123.44 1123.44 12.39 0.00 0.00 0.02 1.12 0.02 0.00 0.02 1121.69 729.63 11.54 36.50 25.59 1.00 1.00 1.10 1.00 7.40 5.57 1.50 1.41 2.12 10.57 0.01 0.02 0.12 0.07 0.00 0.00 0.00 0.00 0.00 0.00 0.00 0.00 0.00 0.00 0.00 0.00 0.00 0.00 0.00 2.00 2.00 2.00 2.00 2.00 2.00 2.00
1.13 nan nan 1.13 0.02 0.00 0.00 0.00 54.89 1.00 1.00 1128.56 nan 1128.18 nan nan 1127.79 1127.79 nan 1127.39 293.05 3.77 3.47 1.00 2.62 7.76 1126.18 288.97 1125.77 1098.01 1125.77 1125.35 1125.35 1124.93 1124.93 1124.93 1124.50 1124.50 4.50 0.00 0.00 0.01 0.00 0.00 0.00 0.01 1122.75 16.57 14.43 6.26 1.00 1.32 2.81 1.00 1.21 3.24 1.31 1.00 1.00 1.00 367.67 1120.03 1120.03 1120.03 1.12 0.05 0.00 0.00 0.00 0.00 0.00 0.00 0.00 0.00 0.00 0.00 0.00 0.00 0.00 0.00 0.00 2.00 2.00 2.00 2.00 2.00 2.00
1.13 nan 1.13 1.13 0.04 0.00 0.00 0.00 0.00 43.46 1.00 1128.56 1128.56 1128.18 nan 1127.79 nan nan nan 1127.39 9.65 6.86 9.57 7.53 4.82 1.31 2.84 18.05 3.32 4.71 1125.77 1125.35 23.83 383.78 1124.93 1124.93 28.48 51.29 82.32 14.62 0.00 0.00 0.00 0.00 0.00 0.00 12.45 2.57 43.50 1.00 1.00 1.00 1.00 1.72 3.00 3.50 1.21 1.00 2.67 6.96 1120.49 17.17 230.68 1120.03 1119.56 61.80 0.00 0.00 0.00 0.00 0.00 0.00 0.00 0.00 0.00 0.00 0.00 0.00 0.00 0.00 0.00 0.00 0.00 2.00 2.00 2.00 2.00
1.13 1.13 1.13 1.13 1.13 1.13 0.00 0.00 0.01 0.04 17.74 1128.56 nan nan nan nan 1127.79 1127.79 nan 1127.39 7.11 18.76 12.87 179.40 1.64 135.23 1.00 35.90 28.38 8.20 1125.77 1125.35 19.28 2.94 289.27 234.49 1.00 1.00 765.43 169.75 0.02 0.03 0.03 0.00 0.00 0.00 6.47 2.14 3.12 1.77 1.00 1.00 1.00 2.43 2.91 3.50 3.50 2.31 1.00 235.34 1120.49 6.60 2.87 84.28 592.93 1.00 1.00 526.23 51.29 0.00 0.00 0.00 0.00 0.00 0.00 0.00 0.00 0.00 0.00 0.00 0.00 0.00 0.00 0.00 0.00 2.00 2.00
1.13 0.01 1.13 1.13 1.13 1.13 1.13 0.01 0.01 0.00 0.05 1128.56 1128.56 nan nan nan 12.67 nan 1127.39 1127.39 1.22 1126.99 7.61 1126.59 9.95 1126.18 1126.18 1.00 1106.37 113.30 1125.77 1125.35 10.07 5.33 10.81 1.00 1.55 1.00 5.92 1124.07 1124.07 0.02 0.08 0.00 0.00 0.00 25.68 1.00 1.00 1.00 2.61 2.12 4.13 4.50 2.95 4.92 1.00 1.49 4.92 8.54 6.00 8.19 1.95 11.65 5.94 1.00 2.25 6.12 3.33 13.59 12.37 20.82 16.94 0.00 0.00 0.00 0.00 0.00 0.00 0.00 0.00 0.00 0.00 0.00 0.00 0.00 0.00
0.02 1.13 1.13 1.13 nan 1.13 1.13 0.29 0.00 0.00 0.02 1129.61 nan 623.21 351.99 nan 46.42 nan 14.80 nan 1.00 1128.04 1128.04 1127.64 1127.64 11.80 19.15 1127.24 25.90 140.40 1126.82 1126.41 15.11 1.00 1.00 1.00 7.16 1.00 1.56 229.38 1125.13 1124.70 0.01 0.19 0.00 0.01 0.00 1.00 1.00 1.00 2.16 21.79 21.51 22.66 23.09 31.53 38.46 77.51 1.00 1.00 1.00 1.00 2.03 2.71 1.00 1.29 4.68 1.00 1.00 3.77 2.31 2.38 3.30 1.00 1.00 1.00 0.00 0.00 0.00 0.00 0.00 0.00 0.00 0.00 0.00 0.00 0.00
1.13 1.13 1.13 1.13 nan 1.13 1.13 0.03 0.01 0.00 0.00 0.00 755.05 1.00 1.00 1.00 1128.83 nan 1.00 1128.44 1128.04 1128.04 nan 1127.64 1127.64 1.49 5.05 106.15 335.16 21.89 1126.82 5.67 1.67 1.00 1.00 3.05 14.07 1.00 1.88 514.42 1125.13 1124.70 1124.70 0.01 0.02 0.03 0.00 0.00 1.00 1.00 1.00 26.18 25.18 19.57 13.30 19.58 10.88 1.00 1.00 1.56 1.07 1.28 6.91 5.39 1.00 1.00 1.00 1.00 2.17 7.11 1.51 2.00 1.00 1.00 1.00 1.00 1.00 1.00 1.00 0.00 0.00 0.00 0.00 0.00 0.00 1.00 1.00
1.13 1.13 0.05 1.13 1.13 1.13 0.06 0.03 0.01 0.00 0.00 0.00 0.00 59.08 1.00 1.00 1128.83 1128.83 1.18 1128.44 nan 1128.04 nan 1127.64 1127.64 249.53 87.32 100.70 592.43 114.93 1.00 328.05 1126.41 3.41 3.44 3.43 19.65 1.72 4.97 8.20 9.34 87.35 1124.70 1124.26 1124.26 0.02 0.00 0.00 0.00 0.00 3.52 2.47 4.34 4.18 2.56 2.54 1.00 1.00 1.53 1.53 1.53 2.62 23.74 11.13 1.64 1.53 1.00 1.00 1.00 1.00 1.00 1.00 1.00 1.00 1.00 1.00 1.00 1.00 1.00 1.00 1.00 1.00 1.00 1.00 1.00 1.00 1.00
0.13 1.13 0.00 0.00 0.00 1.13 1.13 0.02 0.01 0.00 0.00 0.00 0.00 0.00 22.26 1.67 283.44 1128.83 910.84 1128.44 nan 1128.04 1128.04 1127.64 1127.64 1127.24 66.43 17.46 4.84 4.78 5.49 1020.45 12.24 6.35 3.80 1.12 1.00 1.00 1.59 1.00 1.00 3.57 8.03 11.19 1.00 17.21 0.00 0.00 0.00 0.00 0.00 1.00 1.00 1.00 1.06 5.63 27.37 9.31 4.88 3.93 3.35 5.45 8.86 1.00 1.49 32.38 23.00 3.82 1.00 1.15 1.37 1.00 1.00 1.00 1.00 1.00 1.00 1.00 1.00 1.00 3.15 15.48 7.46 1.00 1.00 1.00 1.00
0.00 0.00 0.00 0.00 0.00 1.13 1.13 0.53 0.10 0.06 0.02 0.00 0.00 0.03 0.01 1.00 869.37 1128.83 1128.44 1128.44 1128.04 1128.04 1128.04 1127.64 1127.64 120.48 15.78 1.15 1.00 1.00 8.05 1049.40 1126.41 183.25 1.00 1.00 1.00 1.00 1.00 1.00 1.00 13.58 1.00 1.00 1.00 24.96 1.97 0.00 0.00 0.00 0.00 0.00 1.00 1.00 1.00 1.00 1.00 2.42 14.45 15.79 15.79 23.39 22.21 2.37 1.00 2.96 3.94 19.49 1.51 1.00 2.51 7.51 1.31 1.00 1.00 1.00 1.00 1.00 1.00 1.00 1.00 1.00 3.63 1.95 1.11 1.00 1.00
0.00 0.00 0.00 0.00 0.00 0.00 1.13 1.13 1.13 1.13 1.13 0.06 0.00 0.00 0.00 0.02 nan 1129.89 1129.50 1129.50 nan 1129.10 1129.10 nan 1128.70 1128.30 1128.30 30.57 4.75 85.54 1127.89 nan nan 1127.06 1127.06 3.29 1.00 1.00 1.00 1.88 4.65 4.72 3.86 1.00 2.28 6.68 1.41 4.55 0.00 0.00 0.00 0.00 0.01 0.00 1.00 1.00 1.00 1.00 1.00 1.57 1.60 1.63 1.51 1.52 1.58 1.00 1.00 1.00 1.00 1.00 1.00 1.00 1.00 1.00 1.00 1.00 1.00 1.00 1.00 1.00 1.00 2.12 31.36 10.69 4.13 1.28 1.00
0.00 0.00 0.01 0.00 0.00 0.00 0.01 1.13 1.13 1.13 1.13 1.13 1.13 0.95 1.13 1.13 nan nan 1129.50 1129.50 1129.10 1129.10 1129.10 1128.70 1128.70 1128.30 1128.30 1128.30 1127.89 1127.89 1127.89 nan nan 1127.06 1127.06 1127.06 380.56 4.16 2.79 18.59 11.23 4.02 1.23 1.00 1.00 2.76 14.20 6.91 6.07 0.00 0.00 0.00 0.01 0.00 0.00 1.00 1.00 1.00 1.00 1.00 21.08 5.78 1.74 1.73 1.63 1.00 1.00 1.00 1.00 1.00 1.00 1.00 1.00 1.00 1.00 1.00 1.00 1.00 1.00 1.00 1.00 6.23 28.19 28.14 7.75 3.30 1.62
0.00 0.00 0.01 0.00 0.00 0.00 0.01 1.13 1.13 1.13 1.13 0.19 0.02 0.93 1.13 1.13 1.13 1129.89 1.14 35.64 1129.10 1129.10 997.87 2.56 14.28 22.39 22.39 22.38 21.50 2.85 143.03 1127.47 1127.47 1127.06 1127.06 1127.06 1126.63 30.47 2.32 1.37 1.00 4.34 7.14 1.00 1.00 28.07 1124.90 3.58 6.33 0.00 0.00 0.00 0.00 0.00 0.00 0.00 1.00 1.00 1.00 1.00 3.58 1.40 1.11 2.47 2.07 1.83 1.00 1.00 1.00 1.00 1.00 1.00 1.00 1.00 1.00 1.00 1.00 1.00 1.00 1.00 1.00 8.28 26.32 24.95 23.20 28.98 24.75
0.00 0.00 0.01 0.00 0.00 0.00 0.00 1.13 1.13 1.13 1.13 0.02 0.02 1.01 0.18 1.13 0.98 0.00 1.00 5.70 31.32 162.85 22.36 4.52 9.94 22.32 23.04 23.04 21.27 7.96 13.11 1127.47 471.65 786.61 1127.06 666.85 1126.63 93.35 4.29 6.45 2.33 5.76 9.73 4.77 14.59 171.11 537.49 10.36 1.00 4.64 0.00 0.00 0.00 0.00 0.00 0.00 0.00 1.00 1.00 2.16 1.00 1.00 1.00 1.00 1.00 1.03 1.00 1.00 1.00 1.00 1.00 1.00 1.00 1.00 1.00 1.00 1.00 1.00 1.00 1.00 1.00 1.56 5.98 9.41 16.50 22.94 22.76
0.00 0.00 0.01 0.00 0.00 0.00 0.00 0.01 1.13 1.13 0.09 0.01 0.02 0.00 0.09 1.13 0.00 0.01 23.81 1.82 11.49 35.58 114.86 225.83 28.62 21.51 22.38 22.38 22.52 4.22 1.28 59.09 5.70 45.12 1.43 1.00 1.00 3.19 7.60 6.08 24.93 7.52 17.40 55.08 10.12 385.66 1124.90 1124.90 1.00 1.00 0.00 0.01 0.00 0.00 0.00 0.00 0.00 0.00 1.00 1.00 1.90 1.00 1.00 1.00 1.00 1.00 1.00 1.00 1.00 1.00 1.00 1.00 1.00 1.00 1.00 1.00 1.00 1.00 1.00 1.00 1.66 1.60 1.85 2.42 14.89 44.81 36.19
0.00 0.00 0.18 0.00 0.00 0.00 0.00 0.00 0.00 0.01 0.03 0.01 0.02 0.00 1.13 0.01 0.01 1.13 0.00 1.93 5.91 27.03 1021.53 272.20 32.70 22.47 22.99 22.98 22.58 2.61 1.00 5.29 1.49 1.00 1.00 1.00 1.00 1.00 6.12 5.91 4.90 4.30 13.49 59.83 37.96 1126.42 1125.98 9.71 2.26 1.00 0.00 0.00 0.00 0.00 0.00 0.00 0.00 0.00 0.00 1.00 1.00 1.00 1.00 1.00 1.00 1.00 1.00 1.00 1.00 1.00 1.00 1.00 1.00 1.00 1.00 1.00 1.00 1.00 1.00 1.00 3.16 12.79 5.92 12.62 91.11 440.41 2.95
0.00 0.01 0.09 0.00 0.00 0.00 0.00 0.00 0.00 0.00 0.00 0.01 0.01 0.03 0.00 0.00 0.01 0.02 0.00 0.00 9.30 12.58 36.86 881.25 31.29 21.71 22.34 22.34 33.10 4.94 1.00 2.43 1.59 1.00 1.00 1.00 1.73 1.00 1.00 5.23 1.43 6.31 3.40 27.87 8.53 1126.42 1125.98 43.78 3.04 3.97 4.45 0.00 0.00 0.00 0.00 0.00 0.00 0.00 0.00 0.00 0.00 2.52 1.00 1.00 1.00 1.00 1.00 1.00 1.00 1.00 1.00 1.00 1.00 1.00 1.00 1.00 1.00 1.00 1.00 1.00 1.00 1.00 1.91 70.21 113.66 8.83 3.70
0.00 0.01 0.01 0.00 0.00 0.00 0.01 0.00 0.00 0.00 0.00 0.00 0.00 0.00 0.00 0.00 0.00 0.01 0.00 0.00 0.00 12.12 1.46 1129.76 42.41 22.99 41.68 23.50 33.47 1.17 1.00 1.00 1.00 6.28 64.93 8.86 5.65 1.00 1.00 1.00 1.97 7.10 4.38 23.92 71.87 1126.42 1125.98 30.73 10.87 2.89 1.18 0.00 0.00 0.00 0.00 0.00 0.00 0.00 0.00 0.00 0.00 0.00 0.00 0.00 0.00 1.00 1.00 1.00 1.00 1.00 1.00 1.00 1.00 1.00 1.00 1.00 1.00 1.00 1.00 1.00 1.00 1.00 13.70 15.27 31.37 100.62 36.50
0.00 0.00 0.00 0.00 0.00 0.00 0.00 0.00 0.00 0.00 0.00 0.00 0.00 0.00 0.00 0.00 0.02 0.16 0.00 0.00 0.00 0.00 27.42 97.34 8.77 21.65 1129.36 13.85 1.00 1.00 1.00 1.00 1128.54 1128.13 23.76 14.87 4.34 2.84 1.00 1.00 18.17 9.01 719.28 1.00 6.08 1126.42 nan 1125.98 16.57 1.00 1.87 5.37 0.00 0.00 0.00 0.00 0.00 0.01 0.00 0.00 0.00 0.00 0.00 0.00 0.00 0.00 0.00 0.00 0.00 0.00 0.00 0.00 1.00 1.00 1.00 1.00 1.23 1.18 1.00 1.00 1.26 9.26 8.37 2.87 12.10 296.81 741.76
0.00 0.00 0.00 0.00 0.00 0.00 0.00 0.00 0.00 0.00 0.00 0.00 0.00 0.00 0.00 0.00 0.01 0.01 0.00 0.00 0.00 0.00 1131.23 1.00 1.66 11.26 6.99 3.88 1.00 1.00 1.00 nan nan 28.22 12.71 53.60 10.69 7.48 1.00 1.52 3.03 3.74 40.70 1.00 1.00 1127.50 nan nan 1126.63 1.95 3.99 6.48 30.57 0.00 0.00 0.00 0.00 0.01 0.01 0.00 0.00 0.00 0.00 0.00 0.00 0.00 0.00 0.00 0.00 0.00 0.00 0.00 0.00 0.00 0.00 0.00 0.00 0.00 1.93 1.00 1.00 2.24 3.34 2.03 193.25 271.51 4.21
0.00 0.00 0.00 0.00 0.00 0.00 0.00 0.00 0.00 0.00 0.00 0.00 0.00 0.00 0.00 0.00 0.00 0.00 0.00 0.00 0.00 0.00 0.00 1.00 2.14 1.00 1.00 1130.43 1130.03 1093.77 1130.03 nan 1129.62 4.10 22.77 39.68 47.10 4.34 1.00 1.00 1.00 1.81 1.00 1127.50 1127.50 nan nan nan 1126.63 1.00 2.83 6.15 7.36 0.00 0.00 0.00 0.00 0.01 0.01 0.00 0.00 0.00 0.00 0.00 0.00 0.00 0.00 0.00 0.00 0.00 0.00 0.00 0.00 0.00 0.00 0.00 0.00 0.00 0.00 0.00 0.00 0.00 0.00 0.00 0.00 0.00 1.00
