OUTPUT-RE/DISPLACEMENTS/Dist_20th_475years/Disp_20th__Earthquake475m-06_PGA=3.91__Ru=0.27_20.txt
ncols         654
nrows         1178
xllcorner     514480
yllcorner     4496780
cellsize      20
nodata_value  -9999.0
[rows 0 to 37 of 1178, columns 261 to 347 of 654]
0.00 0.00 0.00 0.00 0.04 0.05 1.02 1.02 0.09 0.00 0.00 0.00 0.00 0.00 0.00 0.01 1.02 nan nan nan nan nan 1.02 nan nan 1.02 1.02 1.02 nan 0.75 1.02 1.02 0.57 0.00 0.00 0.00 0.00 0.00 0.00 1.02 1.02 nan 1.02 1.02 0.00 0.00 0.00 1.02 1.02 nan nan 0.00 nan nan nan nan nan nan nan 1.01 nan nan nan nan nan nan nan nan 0.01 0.00 0.01 0.00 0.00 0.00 0.00 0.00 0.00 nan nan nan nan nan nan nan 1.01 nan 1.01
0.00 0.00 0.00 0.00 0.12 0.08 1.02 0.11 0.03 0.13 0.00 0.00 0.00 0.00 0.00 0.01 1.02 1.02 1.02 nan nan nan 0.00 nan nan nan nan 1.02 nan nan 1.02 1.02 0.05 0.00 0.00 0.00 0.00 0.00 0.00 1.02 1.02 1.02 1.02 1.02 1.02 1.02 0.00 0.00 1.02 nan nan 1.02 nan nan nan nan nan nan 0.00 nan nan nan nan nan nan nan nan 1.01 0.00 1.00 0.00 0.00 0.00 0.00 0.00 0.00 0.00 nan nan nan nan nan 1.01 1.01 nan nan 1.01
0.00 0.00 0.00 0.06 1.02 0.00 0.01 0.03 1.02 0.23 0.00 0.00 0.00 0.00 0.00 0.00 0.14 0.02 0.00 0.00 1.02 1.02 0.00 nan nan nan 1.02 nan nan nan nan 0.19 0.29 0.00 0.00 0.00 0.00 0.01 0.40 1.02 1.02 1.02 1.02 1.02 1.02 0.13 0.03 0.01 1.02 nan nan nan nan nan nan nan nan 0.00 0.00 nan nan nan nan nan nan nan 1.01 0.00 1.01 1.01 0.14 0.00 0.00 0.00 0.00 0.00 0.00 nan nan nan nan nan 1.01 1.01 nan 1.01 1.01
0.00 0.00 0.00 0.00 1.02 0.01 1.02 1.02 1.02 0.00 0.00 0.00 0.00 0.00 0.00 0.03 1.02 0.18 0.00 0.00 0.04 1.02 nan nan nan nan nan nan nan nan nan nan 0.01 0.00 0.00 0.00 0.00 0.00 1.02 1.02 1.02 1.02 1.02 0.05 0.00 0.22 1.02 nan nan 1.02 nan nan 1.02 1.01 nan nan nan 0.04 1.01 nan nan nan nan nan nan nan nan 0.01 1.01 1.01 0.33 0.01 0.00 0.00 0.00 0.00 1.01 nan nan nan nan 1.01 1.01 nan nan nan 1.01
0.00 0.00 0.00 0.00 0.13 nan nan 0.93 0.01 0.00 0.00 0.00 0.00 0.02 1.02 1.02 1.02 0.01 0.05 1.02 0.01 1.02 nan nan nan nan nan nan nan nan nan nan nan 0.00 0.00 0.00 0.00 0.01 1.02 0.16 1.02 1.02 1.02 0.00 0.04 1.02 1.02 1.02 1.02 0.00 0.00 1.02 0.01 1.01 nan nan nan 1.01 0.01 nan nan nan nan nan nan nan nan nan nan 0.77 1.01 0.27 0.01 0.00 0.00 0.00 nan nan nan nan nan nan nan nan nan nan 1.01
0.00 0.00 0.00 0.00 1.02 nan nan 1.02 1.02 0.00 0.00 0.00 0.01 1.02 1.02 1.02 1.02 1.02 nan nan nan nan 0.04 0.00 1.02 nan nan nan nan nan nan nan nan nan nan 1.02 0.00 0.20 1.02 0.00 0.00 0.00 1.02 1.02 1.02 1.02 1.02 1.02 0.00 0.00 0.00 0.00 0.00 0.00 1.02 nan nan nan 0.21 1.01 nan nan nan nan nan nan nan nan nan nan 1.01 0.01 0.00 0.00 0.00 1.01 nan 0.06 1.01 1.01 1.01 nan nan nan nan nan nan
0.00 0.00 0.00 0.00 0.00 0.06 1.02 1.02 1.02 1.02 0.00 0.00 0.00 0.11 1.02 nan nan 1.02 1.02 nan nan nan nan 0.00 0.00 1.02 nan 1.02 nan nan nan nan nan nan nan nan 1.02 1.02 1.02 0.01 0.00 0.00 0.00 1.02 1.02 1.02 1.02 1.02 1.02 0.00 0.00 0.00 0.00 0.00 0.46 1.02 0.01 1.01 nan nan nan nan nan nan nan nan nan nan nan nan nan 0.00 0.00 0.00 0.00 1.01 1.01 1.01 nan 1.01 1.01 1.01 1.01 1.01 1.01 1.01 1.01
0.00 0.00 0.00 0.00 0.00 0.07 1.02 0.01 0.00 0.00 0.00 0.00 0.00 0.00 0.01 1.02 nan nan 1.02 1.02 nan nan nan 0.01 0.00 1.02 nan 1.02 1.02 nan nan nan nan nan nan nan nan nan nan 1.02 1.02 0.00 0.00 0.02 1.02 1.02 1.02 1.02 0.15 0.00 0.00 0.01 0.11 0.90 1.02 0.89 1.01 nan nan nan 0.00 nan nan nan nan nan nan nan nan nan nan 0.00 0.00 0.01 1.01 1.01 1.01 nan 1.01 1.01 1.01 0.98 0.75 1.01 1.01 1.01 1.01
0.00 0.00 0.00 0.00 0.01 0.01 0.00 0.00 0.00 0.00 0.00 0.00 0.00 0.00 0.00 0.04 1.02 1.02 1.02 nan nan nan 1.02 1.02 nan 1.02 nan nan nan nan nan nan nan nan nan nan nan nan nan nan nan 0.02 0.00 0.00 1.02 1.02 0.36 0.02 0.21 0.01 0.00 0.00 1.02 1.02 1.02 0.03 1.01 nan nan nan 0.00 1.01 nan nan nan nan nan nan nan nan nan nan 1.01 1.01 0.25 1.01 nan 1.01 0.28 0.01 0.01 0.03 1.01 1.01 1.01 1.01 1.01
0.00 0.00 0.00 0.00 0.00 0.00 0.00 0.00 0.00 0.00 0.00 0.00 0.00 0.00 0.00 0.00 1.02 1.02 nan nan nan nan 1.02 nan nan nan 1.02 nan nan nan nan nan nan nan nan nan nan nan nan nan nan 0.62 0.00 0.00 0.04 0.15 0.01 0.00 0.00 0.00 0.00 0.00 1.02 nan 1.02 1.02 1.01 nan nan nan 0.00 1.01 nan nan nan nan nan nan nan nan nan nan nan 1.01 1.01 nan 1.01 0.00 0.00 0.00 0.00 1.01 1.01 1.01 1.01 1.01 1.01
0.00 0.00 0.00 0.00 0.00 0.00 0.00 0.00 0.00 0.00 0.00 0.00 0.00 0.00 0.00 0.00 1.02 1.02 nan 1.02 1.02 nan nan nan nan nan nan 0.00 nan nan nan nan nan nan nan nan nan nan nan nan nan 1.02 0.00 0.00 0.00 0.00 0.00 0.00 0.00 0.00 0.00 0.01 1.02 nan nan nan nan nan nan 1.01 0.00 1.01 nan nan nan nan nan nan nan nan nan nan nan nan nan nan 0.00 0.00 0.00 0.00 0.00 0.00 1.01 nan nan nan 1.01
0.00 0.00 0.00 0.00 0.00 0.00 0.00 0.00 0.00 0.00 0.00 0.00 0.00 0.00 0.00 0.00 0.00 nan nan 1.02 nan nan nan nan nan nan nan 0.00 0.00 nan nan nan nan nan nan nan nan nan nan nan nan nan nan 0.22 0.03 0.00 0.00 0.00 0.00 0.00 0.00 0.04 nan nan 1.02 nan nan nan 1.01 0.00 0.00 0.00 nan nan nan nan nan nan nan nan nan nan nan nan nan nan 0.00 0.00 0.01 1.01 0.02 0.00 1.01 1.01 nan nan nan
0.00 0.00 0.00 0.00 0.00 0.00 0.00 0.00 0.00 0.00 0.00 0.00 0.00 0.00 0.00 0.00 0.00 1.02 1.02 nan 1.02 1.02 nan nan nan nan nan 0.00 0.00 0.00 nan nan nan nan nan nan nan nan nan nan nan nan nan 1.02 1.02 0.54 0.00 0.00 0.00 0.01 0.00 1.02 nan nan nan nan nan 1.01 0.00 0.00 0.00 0.00 nan nan nan nan nan nan nan nan nan nan nan nan nan nan nan nan nan nan 1.01 1.01 1.01 1.01 nan nan nan
0.01 0.00 0.00 0.00 0.00 0.00 0.00 0.00 0.00 0.00 0.00 0.00 0.00 0.00 0.00 0.01 1.02 0.04 0.14 0.86 1.02 nan nan nan nan nan nan 0.00 0.00 0.00 1.02 nan nan nan nan nan nan nan nan nan nan nan 1.02 1.02 1.02 1.02 0.00 0.00 0.00 0.00 0.62 nan nan nan nan nan 1.01 0.00 0.00 0.00 0.00 0.01 nan nan nan nan nan nan nan nan nan nan nan nan nan nan nan nan nan 1.01 1.01 1.01 1.01 1.01 nan nan nan
0.00 0.00 0.00 0.00 0.00 0.00 0.00 0.00 0.00 0.00 0.00 0.00 0.00 0.00 0.00 0.05 0.04 0.00 0.00 0.00 0.00 0.03 nan nan nan nan nan 0.00 0.00 0.00 0.01 0.00 1.02 nan 1.02 nan nan nan nan nan nan 1.02 0.70 1.02 1.02 1.02 0.00 0.00 0.00 0.00 1.02 nan nan nan nan nan 0.00 0.00 0.00 0.00 0.00 0.12 nan nan nan nan nan nan nan nan nan nan nan nan nan nan nan nan nan nan 0.46 0.46 1.01 nan nan nan nan
0.00 0.00 0.00 0.00 0.00 0.00 0.00 0.00 0.07 0.00 0.00 0.00 0.03 0.02 0.03 0.07 0.03 0.01 0.33 0.00 0.00 0.00 nan nan nan nan nan nan 0.00 0.00 0.00 1.02 0.24 1.02 1.02 1.02 nan 0.01 nan nan nan 0.00 1.02 1.02 1.02 0.00 0.06 0.01 0.00 0.00 1.02 nan nan nan nan nan 0.00 0.00 0.00 0.00 0.00 0.78 nan nan 1.01 1.01 nan nan nan nan nan nan nan nan nan nan nan nan nan nan 1.01 0.12 nan nan nan nan nan
0.00 0.00 0.00 0.00 0.00 0.00 0.00 0.01 0.44 0.00 0.01 0.01 0.01 0.19 0.23 0.02 0.01 1.02 0.19 0.06 0.00 0.00 1.02 nan nan nan nan nan 1.02 0.00 0.00 1.02 nan 1.02 0.00 0.00 0.03 0.00 nan nan nan 0.03 nan nan nan nan nan nan nan nan nan nan nan nan nan 1.02 0.00 0.00 0.00 0.00 0.00 1.01 nan 1.01 nan 0.01 0.00 nan nan nan nan nan nan nan nan nan nan nan nan nan nan nan nan nan nan nan nan
0.00 0.00 0.00 0.00 0.00 0.00 0.00 1.02 0.07 0.00 0.01 0.01 0.01 1.02 1.02 0.01 0.93 0.20 0.03 0.00 0.02 0.00 1.02 nan 1.02 1.02 nan nan 1.02 1.02 0.17 1.02 nan nan 0.22 1.02 0.00 0.00 nan nan nan nan nan nan nan nan nan nan nan nan nan nan nan nan nan 1.02 0.04 0.00 1.01 0.01 0.00 1.01 0.09 1.01 0.57 1.01 0.00 0.02 nan nan nan nan nan nan nan nan nan nan nan nan nan nan nan nan nan nan nan
0.00 0.00 0.00 0.00 0.01 0.00 0.00 0.33 0.00 0.00 0.00 0.00 0.02 0.56 0.44 0.02 0.01 0.01 0.00 0.00 0.02 0.09 1.02 1.02 1.02 1.02 nan nan nan nan nan 1.02 nan nan nan 0.01 0.00 1.02 1.02 nan nan nan nan nan nan nan nan nan nan nan nan nan nan nan nan nan 0.92 0.03 1.02 1.02 0.00 0.00 0.00 0.00 0.00 0.00 0.00 0.00 nan nan nan nan nan nan nan nan nan nan nan nan nan nan nan nan nan nan nan
0.00 0.00 0.00 0.00 0.00 0.00 0.01 0.00 0.00 0.02 0.00 0.00 0.01 0.00 0.13 0.05 0.00 0.00 0.26 1.02 0.01 0.03 0.96 0.04 0.00 0.02 1.02 nan nan nan 1.02 0.00 1.02 nan 1.02 1.02 0.62 nan nan nan nan nan nan nan nan nan nan nan nan nan nan nan nan nan nan nan nan nan 1.02 1.02 0.56 0.00 0.00 0.00 0.00 0.00 0.00 0.00 nan nan nan nan nan nan nan nan nan nan nan nan nan nan nan nan nan nan nan
0.00 0.00 0.00 0.00 0.00 0.00 0.00 0.00 0.01 0.01 0.00 0.00 0.00 0.00 0.70 1.02 1.02 1.02 1.02 0.00 0.00 0.01 1.02 0.02 0.00 0.00 1.02 nan nan nan nan 0.00 0.00 1.02 1.02 nan nan nan nan nan nan nan 1.02 1.02 nan nan nan nan nan nan nan nan nan nan nan 0.93 nan nan nan 0.00 0.00 1.01 0.08 0.00 0.00 0.00 0.00 0.00 0.14 nan nan 1.01 nan nan nan nan nan nan nan nan nan nan nan nan nan nan nan
0.00 0.00 0.00 0.00 0.00 0.00 0.00 0.00 0.03 0.00 0.00 0.00 0.00 0.01 0.15 nan nan nan nan nan 1018.45 1018.45 nan 0.08 0.00 0.00 0.00 1.02 nan nan nan nan 0.00 0.00 1.02 1.02 nan nan nan nan nan nan nan 1.02 1.02 1.02 1.02 nan nan nan nan nan nan nan 1.02 0.00 0.00 nan nan nan 1.02 1.01 1.01 1.01 0.02 0.00 0.00 0.00 0.00 1.01 1.01 1.01 1.01 1.01 nan nan nan nan nan 1.01 nan nan nan nan nan nan nan
0.00 0.00 0.00 0.00 0.00 0.00 0.00 0.01 1.02 0.00 0.00 0.00 0.02 1019.03 1019.03 nan nan nan nan nan nan nan nan nan nan 1.02 0.68 1.02 nan nan nan nan 1.02 0.00 0.00 1.02 1.02 nan nan nan nan nan nan 1.02 1.02 1.02 0.07 0.04 1.02 nan nan nan nan 0.00 0.00 0.00 1.02 nan nan nan nan 1.01 1.01 1.01 0.00 0.00 0.00 0.00 0.00 0.01 1.01 0.40 0.03 0.01 0.00 0.00 1.01 nan nan 1.01 0.00 0.00 0.03 nan nan nan nan
0.00 0.00 0.00 0.00 0.00 0.00 0.00 0.02 1.02 0.01 0.01 0.01 1019.25 nan nan nan nan nan nan nan nan nan nan nan nan nan nan nan nan nan nan nan 1.02 0.00 0.00 0.00 1.02 nan nan nan nan nan nan 1.02 0.04 0.01 0.10 1.02 1.02 1.02 nan nan 0.00 0.00 0.00 0.00 nan nan nan nan nan nan 1.02 0.00 0.00 0.00 0.00 0.00 0.00 0.00 0.00 0.01 0.02 0.02 0.00 0.00 1.01 1.01 1.01 0.11 0.00 0.00 0.00 0.02 nan nan nan
0.00 0.00 0.00 0.00 0.00 0.00 0.00 0.07 1.02 0.01 0.00 643.73 1019.25 nan nan nan 1019.06 1018.87 1018.87 1018.87 nan nan nan nan nan nan nan nan nan nan nan nan nan 1.02 0.01 0.02 1.02 nan 0.00 0.19 nan nan nan nan 1.02 0.42 0.25 0.21 1.02 1.02 1.02 0.00 0.00 0.00 0.00 nan nan nan 1.02 1.02 nan nan 0.19 0.00 0.00 0.00 0.00 0.00 0.00 0.00 0.00 0.00 0.01 0.02 0.29 0.03 0.00 0.00 0.01 0.00 0.00 0.00 0.00 0.29 1.01 1.01 nan
0.00 0.00 0.00 0.00 0.00 0.00 0.00 0.01 0.04 327.42 58.60 1019.44 1019.25 1019.25 1019.25 1019.06 926.74 868.31 1018.87 1018.87 1018.68 1018.68 1018.68 1018.48 nan nan nan nan nan nan nan nan 1.02 1.02 1.02 1.02 nan 1.02 0.00 0.00 0.01 nan nan nan nan 0.17 0.01 0.86 0.02 0.00 0.00 0.00 0.00 0.00 nan nan nan 1.02 0.36 1.02 1.02 1.02 0.29 0.00 0.00 0.00 0.00 0.00 0.00 0.00 0.00 0.00 0.00 0.00 0.01 0.02 0.00 0.00 0.00 0.00 0.00 0.00 0.00 0.03 1.01 1.01 1.01
0.00 0.00 0.00 0.00 0.00 0.00 0.00 0.00 nan 1019.62 86.16 1019.44 1019.25 720.79 1019.25 nan 1019.06 1018.87 1018.87 184.33 61.96 1018.68 1018.68 nan nan nan nan nan nan nan nan 1017.86 0.00 1.02 nan nan nan 0.00 0.00 0.00 0.00 1.02 nan nan 1.02 0.69 0.01 0.03 0.00 0.01 0.00 0.00 0.00 0.22 nan nan nan 1.02 0.02 0.08 0.86 1.02 0.01 0.00 0.00 0.00 0.00 0.00 0.00 0.00 0.00 0.00 0.00 0.00 0.00 0.00 0.00 0.00 0.00 0.00 0.00 0.00 0.00 0.00 1.01 1.01 1.01
0.00 0.00 0.00 0.00 0.00 0.00 0.00 1.02 nan 1019.62 1019.44 1019.44 7.78 1019.25 nan nan 1019.06 1018.87 1018.87 1018.87 1018.68 1018.68 nan nan nan 1018.27 1018.27 nan nan nan nan 1017.86 1.08 0.00 nan nan nan 1.02 0.00 0.00 0.00 0.00 0.08 1.02 1.02 1.02 0.73 0.02 0.53 1.02 0.78 0.00 0.00 nan nan nan 1.02 0.00 0.01 0.00 0.00 0.00 0.01 0.00 0.00 0.00 0.00 0.00 0.00 0.00 0.00 0.00 0.00 0.00 0.00 0.00 0.00 0.00 0.00 0.00 0.00 0.00 0.00 0.00 0.01 1.01 1.01
0.00 0.00 0.00 0.00 0.00 0.01 0.07 1019.85 nan 1019.85 1019.67 1019.67 6.51 1019.49 nan nan nan 1019.10 1019.10 1019.10 1018.91 1018.91 nan nan nan 1018.50 1018.50 1018.50 nan nan 1018.08 1.17 22.80 0.00 0.00 nan nan nan nan 0.00 0.00 0.00 0.00 0.01 1.02 1.02 1.02 0.10 nan nan 0.26 0.00 0.00 nan nan nan 0.00 0.00 0.00 0.00 0.00 0.00 0.00 0.00 0.00 0.00 0.00 0.00 0.00 0.00 0.00 0.01 0.00 0.00 0.00 0.00 0.00 0.00 0.00 0.00 0.00 0.00 0.00 0.00 0.01 0.05 0.06
0.00 0.00 0.00 0.00 0.00 0.00 68.31 1019.85 1019.85 1019.85 1019.67 9.31 1019.49 nan nan nan nan nan nan 1019.10 1018.91 nan nan nan nan nan 1018.50 1018.50 nan nan 1.00 1.00 1.00 23.20 0.00 0.00 nan nan nan 0.00 0.00 0.00 0.02 0.02 1.02 1.02 nan nan nan 1.02 0.00 0.00 0.01 nan nan nan 0.00 0.00 0.00 0.00 0.00 0.00 0.00 0.00 0.00 0.00 0.00 0.00 0.00 0.00 0.00 0.00 0.00 0.00 0.00 0.01 0.00 0.00 0.00 0.00 0.00 0.00 0.00 0.00 0.00 0.00 0.01
0.00 0.00 0.00 0.00 0.00 0.00 82.64 1019.85 1019.85 37.65 764.97 1019.67 nan nan nan nan nan nan nan nan 1018.91 1018.91 nan nan nan nan 1018.50 1018.50 nan 1018.29 1.00 4.49 1.00 1017.87 110.93 0.00 nan nan nan 1.02 0.53 0.00 0.00 1.02 1.02 1.02 nan nan nan 0.01 0.00 1.02 1.02 nan nan nan 0.00 0.00 0.00 0.00 0.00 0.00 0.00 0.00 0.00 0.00 0.00 0.00 0.00 0.00 0.00 0.00 0.00 0.00 0.00 0.00 0.00 0.00 0.00 0.00 0.00 0.00 0.00 0.01 0.00 0.00 0.03
0.00 0.00 0.00 0.00 0.00 1.32 6.24 454.49 1019.85 1019.85 1019.67 nan nan nan nan nan nan 1019.10 201.24 1019.10 91.75 1018.91 nan nan nan nan 1018.50 1018.50 nan 1.36 264.39 12.58 1.00 15.15 nan nan nan 1.02 nan nan 1.02 0.00 0.00 1.02 1.02 1.02 nan nan 1.02 nan 1.02 nan nan nan nan 0.03 0.00 0.00 0.00 0.00 0.00 0.00 0.00 0.00 0.00 0.00 0.00 0.00 0.00 0.00 0.00 0.00 0.00 0.00 0.00 0.00 0.00 0.00 0.00 0.00 0.00 0.00 0.00 0.00 0.10 0.00 0.03
0.00 0.00 0.00 0.00 0.00 1.00 4.03 9.78 1020.10 1020.10 1019.91 nan nan nan nan nan nan 431.63 1019.34 1019.34 1019.14 1019.14 nan nan nan 1018.74 1018.74 1018.74 29.14 2.40 38.26 5.92 1.00 65.38 1018.10 nan nan 1.02 1.02 0.10 nan 1.02 1.02 1.02 0.03 1.02 1.02 0.94 0.00 nan nan nan nan nan nan 0.00 0.00 0.00 0.00 0.00 0.00 0.00 0.00 0.00 0.00 0.00 0.00 0.00 0.00 0.00 0.00 0.00 0.00 0.00 0.00 0.00 0.00 0.00 0.00 0.00 0.00 0.00 0.00 0.00 0.35 0.04 1.01
0.00 0.00 0.00 0.00 0.00 2.62 1.30 2.76 1020.10 1020.10 nan nan nan nan nan nan 1019.53 nan 1019.34 1019.34 1019.14 1019.14 nan nan 1018.94 56.00 1018.74 1018.74 7.18 5.04 1.61 1.75 1.00 8.20 1018.10 nan nan nan 1.02 0.01 nan nan nan 0.03 0.00 0.01 0.00 0.00 0.00 nan nan nan nan nan 0.00 0.00 0.00 0.00 0.00 0.00 0.00 0.00 0.00 0.00 0.00 0.00 0.00 0.00 0.00 0.00 0.00 0.00 0.01 0.01 0.01 0.01 0.00 0.00 0.00 0.00 0.00 0.00 0.02 0.03 1.01 1.01 0.85
1.00 0.00 0.00 0.00 0.00 0.00 1.74 1.00 1020.10 nan 341.67 1019.91 nan nan nan 1019.53 76.74 1019.34 1019.34 925.82 2.31 11.52 nan nan 9.64 6.51 5.08 1018.74 476.34 7.64 1.00 1.00 1.00 3.15 15.19 382.94 nan nan nan nan nan nan 0.93 0.00 0.00 0.00 0.00 0.00 1.02 nan nan nan nan nan 1.02 0.00 0.00 0.00 0.00 0.00 0.00 0.00 0.00 0.00 0.00 0.00 0.00 0.00 0.00 0.00 0.22 1.01 1.01 1.01 1.01 1.01 0.02 0.00 0.00 0.00 0.00 0.00 0.01 1.01 1.01 1.01 1.01
2.35 1.00 0.00 0.00 0.00 0.00 1.00 1.00 1020.10 1020.10 32.45 1019.91 1019.73 1019.73 nan nan 1019.53 1.31 9.57 2.82 4.36 1019.14 nan 1018.94 25.05 3.07 1.33 1018.74 1018.53 8.36 1.00 1.00 2.76 1.14 1.00 8.56 1017.88 nan nan nan nan 1.02 0.00 0.00 0.00 0.00 0.00 0.00 0.00 nan nan nan nan nan nan nan 0.01 0.00 0.00 0.00 0.00 0.00 0.00 0.00 0.00 0.00 0.00 0.00 0.00 0.00 0.00 0.01 0.80 1.01 1.01 0.31 0.05 0.00 0.00 0.00 0.00 0.00 0.01 0.77 1.01 1.01 0.53
5.48 1.00 0.00 0.00 0.00 0.00 0.00 1.67 1020.10 1020.10 302.63 1019.91 1019.73 1019.73 1019.73 nan nan 1019.34 1019.34 1019.34 nan nan 1019.14 97.49 102.59 69.72 1018.74 1018.74 1018.53 54.13 6.67 6.41 10.19 11.21 900.97 1017.88 nan nan nan nan nan 0.01 0.00 0.00 0.00 0.00 0.00 0.00 0.00 0.00 nan nan nan 1.02 nan nan 1.02 0.00 0.00 0.00 0.00 0.00 0.00 0.00 0.00 0.00 0.00 0.00 0.00 0.00 0.00 0.01 0.09 0.84 0.24 0.03 0.00 0.00 0.00 0.00 0.00 0.33 0.38 1.01 0.36 0.20 0.02
1.00 1.00 0.00 0.00 0.00 0.00 0.00 0.00 1020.34 233.64 155.14 1020.16 1019.97 nan nan nan nan nan nan 1019.58 1019.39 199.20 15.76 1019.18 1019.18 1018.98 1018.98 625.33 122.78 1018.77 1018.55 76.96 1018.55 nan nan nan nan nan nan 1017.89 1.00 1.00 0.00 0.00 0.00 0.00 0.00 0.00 0.00 nan nan nan nan 1.02 1.02 1.02 1.02 1.02 0.00 0.00 0.00 0.00 0.00 0.00 0.00 0.00 0.00 0.00 0.00 0.00 0.00 0.01 0.01 0.01 0.01 0.01 0.06 1.01 0.00 0.00 0.01 1.01 1.01 1.01 0.04 0.00 0.00
