OUTPUT-RE/DISPLACEMENTS/Dist_20th_475years/Disp_20th__Earthquake475m-01_PGA=4.20__Ru=0.27_20.txt
ncols         654
nrows         1178
xllcorner     514480
yllcorner     4496780
cellsize      20
nodata_value  -9999.0
[rows 532 to 569 of 1178, columns 261 to 347 of 654]
6.30 30.66 9.10 3.00 5.92 10.91 3.37 3.00 3.00 0.00 0.00 0.00 0.01 0.00 0.00 0.00 0.00 0.00 0.00 0.00 0.00 0.00 0.00 0.00 0.00 0.00 0.00 0.00 0.00 0.00 1.00 1.00 1.00 1.00 1.00 1.00 1.00 1.00 1.00 1.00 1.00 1.00 2269.81 nan 2483.39 516.90 5.86 2.09 1.18 1.80 2.43 2.62 1.87 3.27 1.00 1.00 1.00 1.00 1.00 1.00 1.00 1.12 1.91 6.43 26.48 359.84 904.38 13.33 1.00 1.00 1.00 1.00 1.07 1.00 1.00 1.00 14.38 19.80 5.46 1.00 1.29 2.47 4.83 6.49 3.51 2.96 2.23
3.35 4.50 3.00 3.00 3.00 3.00 3.00 3.00 3.00 3.00 3.00 0.00 0.00 0.00 0.00 0.00 0.00 0.00 0.00 0.00 0.00 0.00 0.00 0.00 0.00 0.00 0.00 0.00 0.00 0.00 0.00 1.00 1.00 1.00 1.00 1.00 1.00 1.00 1.00 1.00 1.00 1.00 2484.20 nan 2483.39 43.81 2.41 1.00 1.00 15.21 7.50 3.18 5.38 1.05 1.00 1.00 1.00 1.00 1.00 1.00 1.00 1.89 5.18 22.91 698.70 2471.87 2476.24 2476.24 5.67 1.00 1.96 1.11 1.00 1.00 1.00 2.61 47.16 54.87 34.08 1.71 1.00 1.74 4.00 3.12 7.06 4.15 1.00
3.00 3.00 3.00 3.00 3.00 3.00 3.00 3.00 3.00 3.00 3.00 3.00 0.00 0.00 0.00 0.00 0.00 0.00 0.00 0.00 0.00 0.00 0.00 0.00 0.00 0.00 0.00 0.00 0.00 0.00 0.00 1.00 1.00 1.00 1.00 1.00 1.00 1.00 1.00 1.00 1.00 2.25 2485.77 nan 2484.95 2.83 1.00 1.00 23.75 1273.48 10.84 3.31 9.72 1.00 1.00 1.00 1.00 1.00 1.00 1.00 1.00 11.08 8.11 33.00 2478.52 2478.52 2477.73 2477.73 56.58 1.00 1.00 2.33 6.98 1.00 1.00 1.49 24.55 129.90 1753.93 238.92 1.00 1.18 8.12 1.65 1.00 3.45 7.15
3.00 3.00 3.00 3.00 3.00 3.00 3.00 3.00 3.00 3.00 3.00 3.00 3.00 0.00 2.50 0.00 0.00 0.00 0.00 0.00 0.00 0.00 0.00 0.00 0.00 0.00 0.00 0.00 0.00 0.00 0.00 0.00 1.00 1.00 1.00 1.00 1.00 1.00 1.00 1.00 1.17 25.83 2485.77 nan 35.96 1.00 1.00 21.83 2150.98 12.27 2.48 6.42 261.52 12.57 1.00 1.17 1.00 1.00 1.00 1.00 1.00 24.15 115.41 1937.19 2478.52 2478.52 2477.73 2477.73 2477.73 12.40 1.00 1.41 8.62 1.07 2.11 12.17 10.04 44.11 42.79 2234.62 8.17 1.00 1.02 10.03 9.29 7.23 6.17
3.00 3.00 3.00 3.00 3.00 3.00 3.00 3.00 3.00 3.54 3.00 3.00 3.00 40.01 nan 0.00 0.00 0.00 0.00 0.00 0.00 0.00 0.00 0.00 0.00 0.00 0.00 0.00 0.00 0.00 0.00 0.00 0.00 0.00 1.00 1.00 1.00 1.00 1.00 1.00 1.00 2485.77 nan 2484.95 1.00 1.00 142.66 1177.94 1.00 1.00 39.27 135.84 2482.52 2481.71 72.48 1.52 1.00 1.00 1.00 1.00 1.00 1.00 4.09 1086.90 2478.52 nan nan nan 2477.73 1722.88 2.32 5.83 9.74 2.61 2.24 23.50 11.59 20.54 14.66 8.84 5.30 1.00 2.44 5.91 5.53 8.69 11.11
7.01 3.00 3.00 3.00 3.00 3.00 4.18 3.00 3.00 3.58 7.36 3.00 3.00 97.85 7485.00 5.61 0.00 0.00 0.00 0.00 0.00 0.00 0.00 0.00 0.00 0.00 0.00 0.00 0.00 0.00 0.00 0.00 0.00 0.00 0.00 1.00 1.00 1.00 1.00 1.00 61.75 nan nan nan 1.00 1.00 1.00 81.07 59.19 5.31 2483.33 2482.52 2482.52 763.77 7.53 1.00 1.00 1.00 1.00 1.00 1.00 1.00 1.00 1.00 2478.52 nan nan 2477.73 2477.73 2476.94 2476.94 1.00 47.34 1.22 3.90 20.77 7.44 4.02 8.71 2.06 2.72 5.26 2.70 5.81 2.27 1.53 1.50
3.23 3.00 3.00 3.00 3.00 7.34 6.66 3.00 3.00 3.00 3.00 3.00 3.00 6.24 23.11 4.35 3.08 0.00 0.00 0.00 0.00 0.00 0.00 0.00 0.00 0.00 0.00 0.00 0.00 0.00 0.00 0.00 0.00 0.00 0.00 0.00 1.00 1.00 1.00 1.00 nan nan 2487.35 38.96 1.00 1.00 1.00 1.00 23.79 62.06 2484.88 2484.06 440.60 20.96 1.00 1.00 1.00 1.00 1.00 1.00 1.00 1.00 1.00 1.00 1.00 2480.02 2479.22 2479.22 38.39 2.35 1131.60 1.00 1.00 2.60 1.00 34.49 3.47 2.35 1.84 2.23 1.75 4.25 1.43 1.00 17.10 11.94 1.30
3.00 3.00 3.00 3.00 3.00 5.91 9.12 3.00 3.00 3.00 3.65 3.00 3.00 3.35 3.00 3.00 3.00 3.00 0.00 0.01 0.09 0.00 0.00 0.00 0.00 0.00 0.00 0.00 0.00 0.00 0.00 0.00 0.00 0.00 0.00 0.00 1.00 1.00 1.00 1.00 nan nan 2487.35 50.38 2.40 1.00 1.00 1.00 1.00 4.26 3.94 2484.06 25.41 4.72 1.00 1.00 1.00 1.00 1.00 1.00 1.00 1.00 1.00 1.00 1.00 2480.02 181.01 12.18 2.22 1.08 1.00 1.00 1.00 1.00 1205.21 2476.83 10.56 7.99 2.38 1.78 1.00 1.00 1.00 5.38 5.50 6.05 5.44
53.12 3.00 3.00 3.00 3.00 5.55 6.56 5.52 3.00 3.00 7.20 3.00 8.56 17.00 3.00 3.00 3.00 3.00 3.00 19.30 0.04 0.03 0.00 0.00 0.00 0.00 0.00 0.00 0.00 0.00 0.00 0.00 0.00 0.00 0.00 0.00 1.00 1.00 1.00 1.00 2487.35 nan 2487.35 1.05 1.00 1.00 1.00 1.00 1.00 1.00 1.00 46.01 2.89 2.05 6.81 5.67 7.83 1.00 1.11 7.38 1.00 1.00 1.00 1.00 22.93 110.29 19.32 5.23 4.81 5.68 1.00 5.20 38.54 23.85 2476.83 2476.83 7.35 6.68 54.05 20.85 10.34 3.13 1.00 5.27 4.60 6.41 5.59
3.00 3.00 3.00 3.00 3.00 3.00 10.10 7.68 3.00 6.89 15.00 3.00 3.00 7490.08 343.86 3.00 3.00 3.00 3.00 5.25 17.32 0.20 0.02 0.00 0.00 0.00 0.00 0.00 0.00 0.00 0.00 0.00 0.00 0.00 0.00 0.00 0.00 1.00 1.00 1.00 nan nan 2487.35 1.00 1.00 1.00 1.00 10.44 1.22 1.00 15.45 5.33 7.15 91.10 69.32 7.35 6.81 2.45 1.00 1.00 1.00 1.00 1.68 8.95 351.43 113.96 28.27 37.40 29.77 23.60 257.85 370.39 2.96 2.32 2476.83 2314.51 3.95 15.83 59.64 17.01 6.83 1.00 3.94 1.43 4.92 26.63 19.82
3.00 3.00 3.00 3.00 3.00 3.00 8.74 39.22 18.49 6.74 3.00 7.16 3.00 3.00 263.96 3.00 3.00 28.51 3.00 186.13 7482.30 nan 0.57 0.00 0.00 0.00 0.00 0.00 0.00 0.00 0.00 0.00 0.00 0.00 0.00 0.00 0.00 1.00 1.00 7.38 nan nan 2487.35 9.16 1.00 1.00 4.56 1.00 1.00 6.34 2484.88 10.92 11.24 28.99 21.48 5.36 5.44 3.28 1.00 1.00 1.00 1.00 1.00 1.00 4.08 8.31 13.32 32.61 19.93 4.65 18.40 14.21 6.28 15.07 498.30 10.76 1.00 4.09 2.21 1.00 1.00 2.19 1.00 1.00 4.70 25.74 6.44
3.00 3.00 3.00 12.95 28.89 34.52 84.17 2512.03 148.61 36.74 4.82 3.00 3.00 3.00 3.00 17.17 3.00 7489.94 290.40 7489.94 nan nan 7487.32 0.01 0.00 0.00 0.00 0.00 0.00 0.00 0.00 0.00 0.00 0.00 0.00 0.00 0.00 1.00 1.00 84.37 nan 2488.94 537.62 2488.11 201.27 5.49 1.00 1.00 1.00 7.88 33.57 41.05 1045.29 36.37 24.85 15.34 12.96 6.32 1.29 1.00 1.00 1.00 1.00 1.00 1.00 1.00 1.25 2.55 1.87 23.11 55.97 1.00 1.00 1.00 1.00 1.00 9.67 23.28 14.55 1.00 1.00 1.00 1.00 1.00 1.70 1.00 1.00
3.24 3.36 3.49 149.69 2409.74 4907.71 3363.80 7500.52 7500.52 7084.51 275.20 23.89 4.61 3.00 3.00 3.76 3.00 3.00 7489.94 nan nan nan nan nan 0.00 0.00 0.00 0.00 0.00 0.00 0.00 0.00 0.00 0.00 0.00 0.00 0.00 1.00 1.00 1.00 2488.94 nan 19.29 1.00 20.02 10.81 1.00 1.00 1.80 26.98 7.95 5.76 154.98 236.04 88.61 10.22 3.75 1.00 2.12 5.77 2.13 1.00 1.00 1.00 1.00 1.00 1.00 1.00 1.57 11.70 2.00 1.00 1.00 1.00 1.00 1.03 1.00 1.21 1.00 1.05 1.70 1.00 1.00 1.00 1.00 1.00 1.00
8.27 4.15 4.29 4.35 10.97 69.42 20.29 36.24 51.23 32.71 28.63 12.25 16.76 13.74 3.00 3.00 3.00 3.00 3.00 3772.41 nan nan nan nan 0.33 0.00 0.00 0.00 0.00 0.00 0.00 0.00 0.00 0.00 0.00 0.00 1.00 1.00 1.00 1.00 2226.20 2488.94 1.45 1.00 1.00 1.00 1.00 1.00 1.00 7.61 159.11 890.51 14.10 15.40 324.65 179.77 1038.23 48.59 1.00 1.00 1.00 1.00 1.00 1.00 1.10 1.00 1.00 2.38 1.95 1.00 1.00 1.00 1.00 1.00 1.00 1.00 1.07 1.10 1.00 1.00 1.00 1.00 2.57 2.52 1.00 1.68 2.06
4.77 5.05 5.21 5.28 5.28 16.23 12.77 5.07 4.79 4.43 3.98 3.56 3.11 3.00 3.00 3.00 3.00 3.00 3.00 3.00 7487.32 nan nan nan 7484.72 0.00 0.00 0.00 0.00 0.00 0.00 0.00 0.00 0.00 0.00 1.00 1.00 1.00 1.00 17.73 5.02 4.63 1.00 1.00 1.00 1.00 1.00 1.00 3.49 1.00 5.81 689.32 54.45 63.00 2484.80 2484.80 2483.98 22.38 1.00 1.00 1.00 1.00 1.00 1.00 3.68 3.40 1.00 1.00 1.00 1.10 1.64 1.00 1.00 1.00 1.00 1.00 1.00 1.00 1.10 4.65 3.14 1.00 4.05 3.82 1.95 2.08 1.00
5.65 5.95 6.11 6.24 6.24 6.18 6.11 5.97 5.67 5.22 4.65 3.98 3.38 3.00 3.00 3.00 3.00 3.00 3.00 3.00 7487.32 nan nan nan 7484.72 1.00 1.00 1.00 0.00 0.00 0.00 0.00 1.00 1.00 1.00 1.00 1.00 1.00 23.23 1.00 1.00 1.00 1.00 1.00 1.00 1.00 7.71 60.96 180.29 21.46 1.00 1.00 35.22 2484.80 2484.80 2370.20 25.21 91.99 7.38 1.00 1.00 1.00 1.35 1.00 2.80 2.22 1.00 1.00 1.72 5.43 1.72 1.00 1.00 1.00 1.66 3.88 2.27 1.00 1.00 3.57 6.65 7.78 4.67 2.15 2.86 1.48 3.60
6.22 6.29 6.29 6.29 6.29 6.30 6.30 6.31 6.31 5.96 5.21 4.43 3.65 3.10 3.00 3.00 3.00 3.00 3.00 3.81 5616.67 nan nan nan 7489.75 1.00 1.00 1.00 1.00 1.00 1.00 1.00 1.00 1.00 1.00 1.00 1.00 4.68 1.00 1.00 1.00 1.00 1.00 1.00 1.00 893.52 134.71 39.18 596.53 45.59 13.61 3.22 8.43 44.65 34.05 18.50 6.79 4.84 1.00 1.00 1.00 1.37 2.80 1.65 3.07 1.00 1.00 1.00 1.00 1.00 1.00 3.47 6.37 14.49 32.49 10.82 6.35 2.29 2.15 3.72 1.88 3.99 5.94 7.63 10.38 17.02 5.55
6.29 6.29 6.29 6.29 6.29 6.30 6.30 6.31 6.31 7.32 5.74 4.78 3.86 4.42 3.00 3.00 7.11 37.35 210.98 17.38 54.71 7492.39 nan nan 7489.75 1.00 1.00 1.00 1.00 1.00 1.00 1.00 1.00 1.00 1.00 1.00 1.00 1.00 1.00 1.00 1.00 1.00 1.00 1.00 9.55 2489.71 138.97 48.02 115.69 6.95 9.85 32.27 12.45 5.03 1.00 1.00 1.00 1.00 1.00 1.00 1.00 3.91 6.50 7.11 7.72 2.82 1.00 1.00 1.84 1.00 1.00 1.00 7.07 37.91 95.03 11.29 5.92 6.04 8.04 1.71 1.00 1.42 3.38 6.59 7.76 7.26 4.94
6.29 6.29 6.29 6.29 6.29 6.30 7.80 6.31 6.31 6.31 6.67 8.36 6.63 4.10 3.00 3.00 70.10 3825.37 4.67 3.00 3.00 337.91 nan nan 6213.90 1.00 1.00 1.00 1.00 1.00 1.00 1.00 1.00 1.00 1.00 1.00 1.00 1.00 1.00 1.00 1.00 1.00 1.00 1.00 197.88 2489.71 2488.86 17.60 4.74 3.19 2.11 7.24 397.72 47.79 2.32 1.00 1.51 4.95 3.00 3.11 1.00 1.00 1.94 4.48 5.45 5.69 7.51 1.09 1.00 7.22 1.62 1.00 4.72 8.56 7.82 7.20 5.61 5.51 5.51 5.51 1.16 1.00 1.00 3.96 5.28 4.36 5.42
6.16 6.29 6.29 6.29 6.29 7.08 29.68 9.08 7.70 10.73 14.96 8.27 4.04 3.29 3.00 1489.33 7497.70 3.00 3.00 3.00 3.00 34.40 nan nan 81.33 1.00 1.00 1.00 1.00 1.00 1.00 1.00 1.00 1.00 1.00 1.00 1.00 1.00 1.00 1.00 1.00 1.02 1.03 1794.03 nan 2489.71 4.41 3.25 2.98 2.80 1.13 19.23 124.31 2429.41 34.88 2.09 1.00 1.00 3.80 1.00 1.00 1.00 5.75 18.28 21.44 7.71 6.56 6.75 14.95 1.00 1.00 1.00 1.00 1.00 20.86 9.56 1.59 4.38 5.51 5.51 1.00 1.00 4.58 6.58 1.00 1.00 3.93
5.48 6.07 6.28 6.28 17.62 2354.29 559.60 26.00 14.39 19.76 15.32 9.61 13.28 3.20 3.59 4502.21 5527.81 3.00 3.00 3.00 3.00 657.77 7497.51 nan 534.45 3.00 1.00 1.00 1.00 1.00 1.00 1.00 1.00 1.00 1.00 1.00 1.00 1.00 1.00 1.00 1.00 31.44 61.72 2491.32 2491.32 1.00 1.00 15.13 54.36 7.08 5.66 19.09 13.09 278.36 17.09 9.48 2.64 1.00 1.00 1.00 1.00 3.41 5.77 54.02 80.45 6.91 5.49 5.48 5.48 1.00 1.00 1.00 1.00 1.00 7.94 4.73 1.00 1.00 4.89 5.50 1.00 1.00 2.94 3.77 1.63 1.00 7.86
4.54 5.10 5.71 6.22 46.94 5233.24 7513.78 74.89 53.28 92.83 12.41 39.04 11.84 3.78 7.67 3.00 3.00 3.00 3.00 3.00 20.78 107.55 28.88 5.96 5.36 31.80 1.00 1.00 1.00 1.00 1.00 1.00 1.00 1.00 1.00 1.00 1.00 44.04 1.00 1.00 35.51 642.21 2492.17 2491.32 8.97 1.00 31.26 16.68 23.52 11.83 17.88 3.29 25.00 17.04 42.29 26.75 6.22 1.00 1.00 1.00 5.37 1.00 7.52 16.65 14.86 5.68 5.32 5.32 5.38 1.00 1.00 1.00 1.00 1.00 1.00 1.05 1.00 2.42 5.40 2.17 1.00 1.00 1.00 1.00 12.09 15.85 11.32
3.62 4.13 4.69 5.18 5937.07 7513.78 1108.82 75.75 336.86 1550.30 36.06 20.74 3.36 5.26 13.49 3.00 3.00 3.00 3.00 53.36 741.59 3.00 29.30 22.61 12.82 3.38 1.00 1.00 1.00 1.00 1.00 1.00 1.00 1.00 1.00 1.00 1.00 19.28 9.53 1.00 92.17 nan nan 2491.32 1.00 4.97 29.14 1.39 2.96 11.34 11.54 23.07 52.83 11.75 1.00 1.00 1.00 1.12 1.00 2.82 1.00 1.00 1.00 1.84 5.27 2.28 2.89 3.30 11.42 1.00 1.00 1.00 1.00 1.00 1.00 1.00 2.98 5.49 4.56 1.00 1.00 1.00 1.00 2.55 2.99 13.41 111.84
3.01 3.30 3.67 4.13 315.47 7513.78 128.50 341.51 7511.04 500.17 52.07 3.59 24.46 18.76 3.00 3.00 3.00 3.00 3.00 23.70 3.00 5.29 7497.51 419.63 3.42 3.56 1.00 1.00 1.00 1.00 1.00 1.00 1.00 1.00 1.00 1.00 1.00 16.31 410.66 4.00 2492.17 nan nan 2402.93 1.00 1.32 1.00 1.00 1.00 10.57 8.91 41.85 19.54 1.00 1.00 1.00 1.00 1.00 1.00 1.00 1.00 1.00 1.00 1.00 1.00 1.00 1.00 1.00 1.00 11.79 4.81 1.00 1.00 1.00 4.43 3.98 6.26 4.23 1.00 1.00 1.00 3.08 1.00 4.80 13.99 11.00 4.33
3.00 3.00 3.05 20.37 65.47 125.13 173.87 2535.98 7469.11 207.56 31.83 5.61 33.14 9.62 9.46 3.00 3.00 3.00 3.00 3.00 5.10 5981.09 nan 3.22 3.47 1.00 1.00 1.00 1.00 1.00 1.00 1.00 1.00 1.00 1.00 1.00 1.00 11.19 30.13 2493.03 2492.17 nan nan 1836.65 1.00 1.00 1.00 1.00 1.00 1.12 2.67 6.30 3.76 1.00 1.00 1.00 1.00 1.00 1.00 1.00 1.00 1.00 1.00 1.00 1.00 1.00 1.00 1.00 1.00 1.33 1.00 1.00 8.24 3.65 1.00 1.05 9.70 7.45 7.88 12.97 4.60 12.15 15.39 39.96 66.91 255.91 33.94
3.00 3.00 8.54 66.63 86.68 112.50 477.63 830.15 4016.36 123.93 3.08 3.00 10.18 12.33 3.00 3.00 3.00 3.00 3.00 3.00 17.43 nan nan 3.14 3.37 1.00 1.00 1.00 1.00 1.00 1.00 1.00 1.00 1.00 1.00 1.00 1.00 2495.56 nan 2494.68 2.54 2493.81 nan 500.13 1.00 1.00 1.00 1.00 1.00 1.00 1.00 2.27 3.16 1.00 1.00 1.00 1.00 1.00 1.00 1.00 1.00 1.00 1.00 1.00 1.00 1.00 1.00 1.00 1.00 1.00 1.00 7.81 22.49 9.51 2.06 14.35 717.45 2481.99 2481.99 117.51 259.99 149.76 2480.35 2480.35 2479.54 2479.54 2478.72
3.00 3.00 3.00 3.00 25.91 14.75 91.96 502.11 51.12 20.01 26.00 3.00 3.00 3.00 3.00 3.00 3.00 3.00 3.00 3.00 12.77 29.67 7502.67 15.97 1.00 1.00 1.00 1.00 1.00 1.00 1.00 1.00 1.00 1.00 1.00 1.00 7.85 2495.56 14.89 1.00 1.00 2493.81 nan 37.53 1.00 1.00 1.00 2.53 1.72 1.00 1.00 1.29 3.46 1.00 1.00 1.00 1.00 1.00 1.00 1.00 1.00 1.00 1.00 1.00 1.00 1.00 1.00 1.00 1.00 1.00 1.00 1.00 1.00 1.00 1.00 56.26 2481.99 2481.99 2481.99 2481.17 2481.17 31.24 1355.03 124.18 2479.54 2479.54 2478.72
3.00 5.63 3.00 3.00 3.00 3.00 19.09 129.21 26.77 3.00 3.00 7.94 13.37 4.96 3.00 3.00 3.00 3.00 3.00 3.00 3.00 3.00 151.21 24.09 1.00 1.00 1.00 1.00 1.00 1.00 1.00 1.00 1.00 1.00 1.00 1.00 1.00 2.70 23.54 1.53 1.00 1.00 2337.99 nan 381.88 1.00 1.00 1.00 1.00 1.00 1.00 1.00 1.00 1.00 1.00 1.00 1.00 1.00 1.00 1.00 1.00 1.00 1.00 1.00 1.00 1.00 1.00 1.00 1.00 1.00 1.00 1.00 1.00 1.00 1.00 6.60 410.98 2481.99 714.86 89.40 20.06 1.59 1.00 1.00 1.00 4.11 11.58
3.00 59.29 3.00 3.00 3.00 3.00 9.50 5.54 3.00 3.00 3.00 4.65 9.33 17.19 3.00 3.00 3.00 3.00 3.00 34.45 943.75 7502.67 7502.67 3.00 1.00 1.00 1.00 1.00 1.00 1.00 1.00 1.00 1.00 1.00 1.00 1.00 12.86 115.97 8.34 1.00 1.00 2.34 1066.65 641.08 28.70 1.00 1.00 1.00 1.00 1.00 1.00 1.00 1.00 1.00 1.00 1.00 1.00 1.00 1.00 1.00 1.00 1.00 1.00 1.00 1.00 1.00 1.00 1.00 1.00 1.00 1.00 1.00 1.00 1.00 5.78 28.27 11.77 27.93 28.39 1.78 1.00 1.00 1.00 1.00 0.00 0.00 0.00
3.84 3.06 3.00 3.00 3.00 8.16 31.64 8.83 5.47 10.96 22.26 23.89 22.05 3.00 3.00 3.00 60.83 1249.80 7510.63 nan nan 7507.89 3.00 3.00 1.00 1.00 1.00 1.00 1.00 1.00 1.00 1.00 1.00 1.00 1.00 1.00 15.23 14.82 3.02 1.00 5.03 2495.46 2495.46 4.10 1.00 1.00 1.00 1.00 1.00 1.00 1.00 1.00 1.00 1.00 1.00 1.00 1.00 1.00 1.00 1.00 1.00 1.00 1.00 1.00 1.00 1.00 1.00 1.00 1.00 1.00 1.00 1.07 1.00 1.40 1.56 1.00 13.99 19.37 39.64 12.68 3.02 0.00 0.00 0.00 0.00 0.00 0.00
7.63 3.23 6.90 6.77 3.00 5.91 7.32 6.27 3.00 3.00 4.87 11.44 10.37 3.00 3.00 1691.78 nan 7510.63 7510.63 nan 2502.88 3.00 3.00 1.00 1.00 1.00 1.00 1.00 1.00 1.00 1.00 1.00 1.00 1.00 1.00 1.00 11.09 159.95 2496.34 2181.80 2495.46 2495.46 1.00 1.00 1.00 1.00 1.00 1.00 1.00 1.00 1.00 1.00 1.00 1.00 1.00 1.00 1.00 1.00 1.00 1.00 1.00 1.00 1.00 1.00 1.00 1.00 1.00 1.00 1.00 1.00 1.00 1.00 1.00 1.00 1.00 1.00 1.00 23.11 0.08 0.13 0.02 0.00 0.00 0.01 0.00 0.00 0.00
8.83 7530.24 7527.39 565.30 22.83 8.91 4.28 5.45 9.80 21.00 21.44 24.73 20.71 3.00 751.35 nan nan 2814.03 58.19 47.74 3.00 3.00 1.00 1.00 1.00 1.00 1.00 1.00 1.00 1.00 1.00 1.00 1.00 1.00 1.00 1.00 49.37 2497.23 2496.34 1740.71 2495.46 2495.46 1.00 1.00 1.00 1.00 1.00 1.00 1.00 1.00 1.00 1.00 1.00 1.00 1.00 1.00 1.00 1.00 1.00 1.00 1.00 1.00 1.00 1.00 1.00 1.00 1.00 1.00 1.00 1.00 1.00 1.00 1.00 1.00 1.00 1.00 0.00 0.00 1.89 2.48 0.36 0.09 0.01 0.00 0.00 0.00 0.00
33.72 nan nan nan 2027.88 22.58 13.02 16.23 7.91 12.55 27.94 14.26 23.73 7516.16 nan nan 4038.37 3.00 3.00 3.00 3.00 1.00 1.00 1.00 1.00 1.00 1.00 1.00 1.00 1.00 1.00 1.00 1.00 1.00 1.00 1.00 115.72 2497.23 2496.34 2496.34 2495.46 2495.46 1.00 1.00 1.00 1.00 1.00 1.00 1.00 1.00 1.00 1.00 1.00 1.00 1.00 1.00 1.00 1.00 1.00 1.00 1.00 1.00 1.00 1.00 1.00 1.00 1.00 1.00 1.00 1.00 1.00 1.00 1.00 1.00 0.00 0.00 0.00 0.00 0.03 0.46 0.12 0.07 0.00 0.00 0.00 0.00 0.00
7530.24 nan nan nan 7527.39 2027.07 40.57 18.21 36.95 3482.14 6216.16 7518.95 nan nan 41.52 7513.39 3.00 3.00 3.00 3.00 3.00 1.00 1.00 1.00 1.00 1.00 1.00 1.00 1.00 1.00 1.00 1.00 1.00 1.00 1.00 1.00 384.02 2497.23 2496.34 1491.23 10.80 28.89 13.64 1.00 1.00 1.00 1.00 1.00 1.00 1.00 1.00 1.00 1.00 1.00 1.00 1.00 1.00 1.00 1.00 1.00 1.00 1.00 1.00 1.00 1.00 1.00 1.00 1.00 1.00 1.00 1.00 0.00 0.00 0.00 0.00 0.00 0.00 0.00 0.00 0.02 0.02 0.05 0.00 0.00 0.00 0.00 0.00
229.20 nan nan nan 7532.90 388.26 43.67 3.00 1208.03 5658.74 7524.36 nan nan 3.00 7.65 68.48 3.13 3.00 3.00 3.00 1.00 1.00 1.00 1.00 1.00 1.00 1.00 1.00 1.00 1.00 1.00 1.00 1.00 1.00 1.00 1.00 65.74 49.20 60.91 58.83 291.97 2497.13 11.43 1.00 1.00 1.00 1.00 1.00 1.00 1.00 1.00 1.00 1.00 1.00 1.00 1.00 1.00 1.00 1.00 1.00 1.00 1.00 1.00 1.00 1.00 1.00 1.00 1.00 1.00 1.00 1.00 0.00 0.00 0.00 0.00 0.00 0.00 0.00 0.00 0.00 0.00 0.02 0.00 0.00 0.00 0.00 0.00
1637.87 7535.78 nan nan 5223.62 3.00 3.00 4.63 567.26 7527.19 7524.36 6043.15 10.14 3.00 15.34 3.00 3.00 3.00 3.00 1.00 1.00 1.00 1.00 1.00 1.00 1.00 1.00 1.00 1.00 1.00 1.00 1.00 1.00 1.00 1.00 1.00 55.33 80.28 2428.78 2498.02 2497.13 2497.13 212.02 1.00 1.00 1.00 1.00 1.00 1.00 1.00 1.00 1.00 1.00 1.00 1.00 1.00 1.00 1.00 1.00 1.00 1.00 1.00 1.00 1.00 1.00 1.00 1.00 1.00 1.00 1.00 0.00 0.00 0.00 0.00 0.00 0.00 0.00 0.00 0.00 0.00 0.00 0.01 0.00 0.00 0.00 0.00 0.00
nan nan nan nan 7532.90 3.00 0.00 3.00 475.85 184.42 29.72 28.35 3.00 3.00 3.00 3.00 3.00 3.00 3.00 1.00 1.00 1.00 1.00 1.00 1.00 1.00 1.00 1.00 1.00 1.00 1.00 1.00 1.00 1.00 1.00 1.00 7.50 2498.92 2498.02 2498.02 1307.45 10.04 120.59 11.74 1.00 1.00 1.00 1.00 1.00 1.00 1.00 1.00 1.00 1.00 1.00 1.00 1.00 1.00 1.00 1.00 1.00 1.00 1.00 1.00 1.00 1.00 1.00 1.00 1.06 0.00 0.00 0.00 0.00 0.00 0.00 0.00 0.00 0.00 0.00 0.00 0.00 0.00 0.00 0.00 0.00 0.00 0.00
nan nan nan nan 69.95 3.00 3.00 0.00 0.00 0.00 0.00 0.00 0.00 3.00 3.00 3.00 3.00 3.00 1.00 1.00 1.00 1.00 1.00 1.00 1.00 1.00 1.00 1.00 1.00 1.00 1.00 1.00 1.00 1.00 1.00 1.00 1440.04 978.14 46.42 47.25 39.25 404.07 2497.13 4.35 1.00 1.00 1.00 1.00 1.00 1.00 1.00 1.00 1.00 1.00 1.00 1.00 1.00 1.00 1.00 1.00 1.00 1.00 1.00 1.00 1.00 1.00 1.00 3.53 2.06 0.00 0.00 0.00 0.00 0.00 0.00 0.00 0.00 0.00 0.00 0.00 0.00 0.00 0.00 0.00 0.00 0.00 0.00
