OUTPUT-RE/DISPLACEMENTS/Dist_20th_475years/Disp_20th__Earthquake475m-01_PGA=4.20__Ru=0.27_20.txt
ncols         654
nrows         1178
xllcorner     514480
yllcorner     4496780
cellsize      20
nodata_value  -9999.0
[rows 760 to 797 of 1178, columns 87 to 173 of 654]
nan nan nan nan nan 2.68 21.29 2680.77 0.06 0.04 2.68 0.88 0.15 0.00 0.01 0.00 0.01 2.68 2.68 2.68 0.08 1.51 0.09 0.31 0.01 0.01 2675.47 2675.47 2674.72 2674.72 2674.72 5.25 2673.96 2673.18 2673.18 2673.18 2672.39 371.37 1.00 1.00 6.10 1038.13 278.99 2669.89 2669.89 2669.89 17.35 27.58 19.78 6.06 1.61 12.38 93.72 0.01 0.01 0.01 0.00 2.67 2.67 2.66 2.66 2.66 0.00 0.05 0.00 0.00 0.00 0.00 0.00 0.01 0.01 0.01 0.00 0.01 0.00 0.00 0.00 0.00 0.00 0.00 0.01 0.01 0.01 0.00 0.00 0.01 0.00
nan nan nan nan nan 1320.94 17.04 77.02 2680.17 2680.17 2.68 1.06 0.07 0.01 0.00 0.31 1.67 0.05 2.68 2.68 1.28 0.02 0.01 0.06 0.06 2675.47 2675.47 2675.47 2674.72 2674.72 1.00 22.13 469.25 1201.50 439.90 544.41 14.45 27.02 13.12 4.60 3.11 23.45 174.52 2669.89 2669.89 3.75 1.00 58.85 38.12 1.00 1.20 25.33 26.04 108.50 16.61 61.95 2.67 2.67 2.67 nan 2.66 2.66 0.38 0.00 0.00 0.00 0.00 0.01 0.00 0.01 0.01 0.00 0.00 0.01 0.00 0.00 0.00 0.00 0.00 0.00 0.00 0.01 0.00 0.00 0.02 0.00 0.00
nan nan nan nan nan 2680.77 2567.82 95.09 1771.02 2680.17 2679.55 2679.55 0.03 0.05 0.02 2.68 0.01 2.68 2.68 2.68 0.24 0.03 0.01 0.00 0.08 0.09 2675.47 2675.47 2674.72 45.75 2.53 1.00 1.17 7.82 16.85 2.12 2.32 2.89 89.92 63.60 62.47 95.01 67.95 97.20 63.84 11.77 1.00 1.00 5.97 1.73 2.64 4.82 9.15 13.97 9.46 2666.31 2665.37 2665.37 nan 2.66 2.66 0.00 0.00 0.00 0.00 0.00 0.00 0.01 0.00 0.00 0.01 0.01 0.00 0.00 0.00 0.00 0.00 0.00 0.00 0.00 0.00 0.00 0.00 0.00 0.00 0.00 0.00
2.68 nan nan nan nan 2680.77 2680.77 2680.77 2680.17 2680.17 2679.55 21.05 32.40 0.04 2.68 0.03 2.68 2.68 2.68 2.68 1.01 0.20 0.00 0.00 0.01 0.04 2675.47 2675.47 2674.72 36.74 4.71 3.12 1.00 8.10 2.96 1.00 1.37 6.94 67.84 65.80 66.28 56.54 42.89 80.22 148.17 53.61 1.00 1.00 1.12 8.61 23.24 15.08 5.41 2.66 1.00 7.16 2665.37 nan nan 2664.41 1.00 0.00 0.00 0.00 0.00 0.00 0.00 0.00 0.00 0.00 0.00 0.00 0.01 0.01 0.00 0.00 0.00 0.00 0.00 0.00 0.00 0.00 0.00 0.00 0.00 0.00 0.00
nan nan nan nan nan 2683.18 2683.18 2683.18 2682.58 2600.09 2.81 1.00 1.00 10.87 0.03 0.01 2.68 2.68 2.68 2.68 0.02 0.00 0.00 0.00 0.00 0.01 2186.72 2677.92 2677.19 65.86 24.61 3.47 1.00 4.22 2.48 1.00 1.00 1.00 67.67 48.49 28.01 17.88 5.29 361.89 210.58 2672.39 2671.52 34.10 2.64 1.97 17.62 20.40 6.68 3.45 29.11 371.80 2667.89 nan nan nan 2666.93 2.98 1.00 1.00 0.00 0.00 0.00 0.00 0.00 0.00 0.00 0.00 0.00 0.00 0.00 0.00 0.00 0.00 0.00 0.00 0.00 0.00 0.00 0.00 0.00 0.00 0.00
2.68 nan nan nan 2683.75 12.98 1.00 2.94 2602.03 2682.58 2681.97 20.66 1.00 1.00 1.00 0.00 0.00 0.00 0.01 0.03 0.00 0.00 0.00 0.00 0.00 0.00 0.00 73.39 2677.19 2677.19 1.00 1.00 26.29 1160.62 11.26 1.00 1.00 2.36 43.70 11.15 3.31 1.03 1.00 1.00 12.29 35.14 318.17 2671.52 72.44 6.80 9.66 7.62 1.31 1.00 1.00 35.59 2667.89 2667.89 2667.89 2666.93 523.68 10.50 16.78 109.44 1.00 1.00 1.00 0.00 0.00 0.00 0.00 0.00 0.00 0.00 0.00 0.00 0.00 0.00 0.00 0.00 0.00 0.00 0.00 0.00 0.00 0.00 0.00
nan nan 2683.75 1.00 58.91 2683.18 2.10 3.94 6.32 1.00 1.00 3.27 24.52 138.18 13.74 1.77 0.00 0.00 0.02 0.77 0.00 0.00 0.00 0.00 0.00 0.00 1.29 1.00 1.00 13.00 2677.19 2676.43 2676.43 2675.66 2675.66 1.15 1.00 5.15 108.68 11.10 3.78 5.25 4.76 7.28 2.42 2.52 11.83 294.24 367.58 26.34 12.60 2.90 1.00 1.00 1.00 8.59 2667.89 2667.89 2667.89 2666.93 2666.93 14.73 1.00 1.00 1.68 1.00 1.00 2.51 1.43 1.88 17.43 0.00 0.00 0.00 0.00 0.00 0.00 0.00 0.00 0.00 0.00 0.00 0.00 0.00 0.00 0.00 0.00
nan nan 308.37 3.25 1853.57 97.46 27.93 338.53 68.22 65.83 2681.97 2681.97 178.50 2681.34 1787.37 513.25 2680.69 0.01 2.68 2.49 0.00 0.00 0.00 0.00 0.00 0.01 18.67 742.97 2677.19 2677.19 2677.19 2676.43 2676.43 nan 2675.66 23.39 6.94 20.78 166.56 187.06 293.75 115.38 216.35 34.59 15.94 1.48 2.25 2671.52 2670.64 2670.64 1445.31 49.65 11.95 15.02 5.50 15.20 2667.89 2667.89 2667.89 2666.93 2666.93 6.57 1.00 1.00 1.53 1.00 1.28 1.51 1.00 1.00 1.83 1.00 1.00 0.00 0.00 0.00 0.00 0.00 0.00 0.00 0.00 0.00 0.00 0.00 0.00 0.00 0.00
nan 2686.69 791.30 67.48 98.91 13.05 11.17 13.66 23.15 53.45 21.31 5.25 25.38 131.07 700.83 2683.10 2683.10 2683.10 2.68 0.00 0.00 0.00 0.00 0.00 0.00 6.21 29.70 2680.36 2002.55 8.59 49.55 2678.88 2678.88 nan 731.33 1.00 1.00 8.79 20.66 26.28 335.32 1611.38 61.34 158.46 5.98 1.84 20.05 200.81 2673.12 2673.12 2239.68 219.69 110.16 26.19 18.24 2655.00 2670.38 2670.38 2670.38 nan 2669.43 1.00 1.00 1.00 1.00 1.00 1.00 1.00 1.00 1.00 1.00 1.00 1.00 1.00 2.09 0.00 0.00 0.00 0.00 0.00 0.00 0.00 0.00 0.00 0.00 0.00 0.00
nan 2686.69 2686.13 132.68 761.22 90.87 17.30 1.17 1.00 1.00 8.28 2322.33 2684.37 2683.74 2683.74 2683.10 13.22 35.16 13.73 4.40 0.00 0.00 0.00 0.00 0.00 1.54 10.82 48.33 66.24 16.77 52.13 162.20 65.31 9.87 2.75 1.00 1.27 9.80 11.92 17.48 71.86 279.71 2675.70 15.68 1.00 1.00 6.85 71.17 2673.12 250.30 19.17 142.48 907.54 6.03 1.77 7.09 12.07 254.77 2670.38 2669.43 156.71 1.00 1.00 1.00 1.00 1.00 1.00 1.00 1.00 1.00 1.00 1.00 1.00 1.00 1.63 1.00 0.00 0.00 0.00 0.00 0.00 0.00 0.00 0.00 0.00 0.00 0.00
nan nan 2686.13 2686.13 2686.13 2685.56 28.62 10.22 1.01 4.27 4.34 2525.51 2684.37 2683.74 2683.74 2683.10 161.40 1.01 1.76 8.77 4.13 0.00 0.00 0.00 0.00 1.00 1.42 13.45 56.40 94.58 64.98 10.27 1.28 1.00 1.40 8.83 42.70 113.14 17.62 10.98 20.10 16.87 22.13 37.63 1.00 1.00 1.56 8.81 149.34 6.06 3.28 29.75 22.43 12.78 4.13 1.00 6.15 37.88 111.62 2669.43 1.51 1.00 1.00 1.00 1.00 1.00 1.00 1.00 1.00 1.00 1.00 1.00 1.00 1.00 1.00 4.98 5.39 0.00 0.00 0.00 0.00 0.00 0.00 0.00 0.00 0.00 0.00
nan 2686.69 27.95 2686.13 2686.13 2685.56 197.72 6.24 16.79 66.60 32.37 2604.51 2684.37 2683.74 2683.74 2683.10 309.17 5.47 4.64 9.99 8.30 4.76 0.00 0.00 0.00 1.00 1.00 1.82 37.76 615.12 7.16 6.51 4.67 3.39 4.03 25.72 1067.50 497.82 135.31 63.00 25.37 6.51 12.70 14.94 3.74 1.10 1.00 2.98 10.97 1.04 3.09 10.35 13.01 49.33 9.78 2.56 3.76 1.81 2.39 1.00 1.51 1.81 1.00 1.00 1.00 1.09 1.82 1.00 1.00 1.00 1.00 1.00 1.00 1.00 1.00 1.37 5.19 8.95 0.00 0.00 0.00 0.00 0.00 0.00 0.00 0.00 0.00
1562.22 5.32 8.92 916.88 2686.13 44.28 204.63 8.82 14.35 8.21 593.34 2240.74 2684.37 2683.74 917.11 398.68 1784.43 21.29 29.35 329.60 41.25 4.48 1.00 1.00 1.00 1.00 1.00 3.55 2679.63 55.35 1.00 2.26 26.70 13.54 3.84 2678.11 2677.33 2677.33 2599.55 241.99 12.11 36.50 1651.81 1.84 1.00 1.00 1.00 1.31 4.08 1.00 1.00 3.49 33.14 428.36 20.57 14.09 27.00 3.87 1.00 1.00 2.17 4.49 1.00 1.00 3.77 18.19 6.23 2.82 1.00 1.00 1.00 1.00 1.00 1.00 14.10 61.49 48.51 43.38 6.56 0.00 0.00 0.00 0.00 0.00 0.00 0.00 0.00
1.00 2.18 1.13 282.26 26.98 6.39 55.58 47.47 15.33 5.81 30.39 53.58 2686.75 2686.13 2686.13 2685.50 11.33 1.00 63.96 2684.84 44.18 3.98 1.00 2.87 1.00 1.00 1.00 23.19 2682.05 8.99 123.17 37.15 24.16 441.72 1952.54 2680.54 2047.59 2679.76 2678.96 908.93 18.85 92.11 19.80 1.00 1.00 1.00 1.00 1.00 1.00 1.00 1.00 3.38 40.88 2674.69 875.32 1265.61 34.34 4.82 3.25 23.49 1.00 1.00 1.00 236.59 20.99 14.83 18.96 22.56 9.29 2.58 1.00 1.00 1.00 1.00 51.24 73.37 110.94 75.71 39.88 20.24 0.00 0.00 0.00 0.00 0.00 0.00 0.00
1.30 1.00 1.00 14.35 6.20 6.32 9.54 53.30 84.14 18.36 8.32 8.84 2686.75 2686.13 2686.13 1227.33 11.32 6.41 1118.22 410.11 16.63 6.02 2.77 1.00 1.22 1.00 1.00 127.70 nan 2682.05 35.92 26.68 17.79 376.15 2680.54 2632.50 2679.76 2679.76 2678.96 1344.89 182.77 1.09 1.00 1.00 1.00 1.00 1.00 1.00 1.88 1.00 1.00 2.12 46.24 2674.69 2673.78 2673.78 274.96 6.26 2263.19 1.00 1.00 1.00 256.96 36.30 2.20 6.95 21.72 63.44 268.14 1.00 1.00 1.00 1.00 6.65 2.74 11.92 62.94 120.03 44.95 65.27 0.00 0.00 0.00 0.00 0.00 0.00 0.00
1.00 1.00 4.74 5.65 1.00 1.00 4.48 59.46 68.51 67.79 194.77 14.59 1000.48 2686.13 2686.13 3.97 1.00 1.00 9.35 41.78 37.03 3.15 5.77 1.00 1.00 1.00 1.00 2682.78 nan 428.21 52.91 130.33 18.76 2680.54 18.25 3.22 1239.95 942.21 2158.93 2678.96 1.00 1.00 1.00 1.00 1.00 2.38 1.00 1.00 4.79 11.45 2.58 1.00 1.00 543.27 2452.94 2673.78 2672.86 2672.86 1.00 1.00 1.00 1.00 1.00 3.22 2.13 4.32 4.81 15.57 14.33 1.00 1.00 1.00 1.00 1.00 1.00 1.17 11.60 7.39 3.99 2.36 24.56 0.00 0.00 0.00 0.00 0.00 0.00
5.28 1.00 1.00 6.55 1.00 1.00 5.17 69.22 73.61 2687.35 85.86 5.19 34.01 61.99 1180.58 3.54 1.00 1.00 1.00 76.59 2374.85 39.49 8.23 1.00 1.00 1.00 8.39 nan 2682.05 13.21 4.73 7.14 95.34 2680.54 1.00 1.00 19.51 39.72 99.08 4.71 49.74 8.02 4.62 9.76 10.76 3.40 8.59 4.10 6.79 13.74 5.73 1.00 1.00 23.67 2673.78 2673.78 2672.86 229.88 2672.86 1.57 1.00 1.00 1.00 1.03 6.37 7.02 6.24 2.88 4.15 2.52 1.00 1.00 1.00 1.00 1.00 1.00 1.00 1.00 18.41 9.55 0.01 0.02 0.00 0.00 0.00 0.00 0.00
7.94 5.82 9.04 1.57 2.26 2.92 1.00 37.76 128.35 2687.35 103.75 1.00 1.00 1.44 12.85 2685.50 778.85 2.47 47.11 2684.84 2684.17 2684.17 12.57 1.00 1.00 1.00 7.95 2682.78 20.13 1.00 1.00 10.72 46.04 1.00 3.52 27.96 15.47 54.23 33.32 8.00 1.18 1.00 1.31 1.00 668.02 187.99 41.54 4.93 1.00 1.45 1.02 1.00 1.00 24.79 2673.78 2673.78 2368.45 55.88 7.30 29.20 1.00 2.31 2.12 2.32 1.62 3.57 3.89 1.20 2.28 5.71 3.47 1.00 1.00 1.00 1.00 1.00 1.00 1.00 0.00 0.01 0.00 0.04 0.03 0.00 0.00 0.00 0.00
65.74 13.66 8.23 1.81 38.22 107.70 5.55 6.98 14.02 30.70 79.26 2.40 1.00 1.00 1.00 1.00 2687.87 2687.87 2687.22 2687.22 2686.55 2686.55 22.84 1.00 1.00 1.00 1.00 1.00 1.00 1.00 2.88 1.00 1.00 1.00 1.00 41.74 163.27 64.27 44.04 10.02 1.00 1.00 1.00 4.49 7.60 68.84 43.24 4.44 1.97 1.00 1.00 1.00 1.00 121.85 2044.88 226.95 112.65 3.78 1.00 1.00 4.58 4.48 5.31 1.00 5.55 55.70 83.09 13.84 28.29 52.43 1.70 1.00 1.00 1.00 7.09 0.00 0.00 0.00 0.00 0.08 0.33 2.67 2.67 0.13 0.02 0.01 0.00
117.18 33.09 4.98 6.56 51.44 1.00 1.00 8.75 9.23 4.83 5.15 14.93 2.48 1.00 1.00 1.00 9.44 nan nan nan 2686.55 1.95 1.00 1.00 1.00 1.00 1.00 1.00 1.00 74.25 1.00 1.00 1.00 1.00 1.00 1.00 7.65 1.38 7.90 23.83 5.82 1.00 1.39 6.11 43.26 1510.76 106.17 14.93 5.95 1.00 1.00 1.00 1.17 20.31 13.72 74.49 463.65 117.24 12.96 1.00 1.00 1.00 1.00 16.39 47.42 2672.43 2671.43 2671.43 2671.43 2670.42 43.93 1.00 1.00 1.00 0.00 0.00 0.00 0.02 0.01 0.37 2.67 2.67 2.67 2.67 2.66 2.66 2.66
19.24 1.00 1.00 2690.84 2690.84 189.31 5.72 12.37 55.21 4.37 1.00 2.67 1.00 1.00 1.00 1.00 3.21 2687.87 651.12 nan nan nan 4.72 1.00 1.00 1.00 1.00 1.00 1.00 2.96 24.25 1.00 1.00 1.00 1.00 1.00 1.00 1.00 1.00 3.34 3.33 3.18 1.00 1.00 1.00 105.01 1555.85 874.68 174.86 6.53 3.90 7.92 10.47 1.00 1.00 1.00 2.24 9.09 61.94 70.02 7.88 1.00 1.00 8.12 92.45 190.07 167.96 2671.43 2671.43 2670.42 2670.42 1.00 1.00 0.00 0.00 0.00 0.00 0.00 0.00 0.02 2.67 2.67 2.34 2.67 2.66 nan nan
1.00 4.63 16.35 31.75 3.06 5.12 337.50 2690.28 2689.70 2689.70 115.80 16.60 1.00 1.00 1.00 1.00 5.14 1.00 35.55 nan nan 2686.55 16.17 1.00 1.00 15.22 3.82 1.00 1.00 208.42 2684.45 339.17 1.00 1.00 1.00 1.00 1.00 1.00 2.05 4.56 7.33 6.20 5.96 8.87 12.36 2.42 2.34 17.53 53.90 55.15 58.69 42.45 5.38 1.00 1.00 1.00 1.00 2.69 13.38 94.17 1.35 1.00 1.00 1.79 2672.43 2672.43 727.71 2222.03 2671.43 nan 2670.42 0.00 0.00 0.00 0.00 0.00 0.00 0.00 0.01 2.67 2.67 2.67 0.04 2.67 2.66 2.66 2.66
1.00 1.74 6.59 1.00 1.00 1.00 1.00 42.85 2692.04 2692.04 2691.45 2691.45 2691.45 15.12 1.00 1.00 1.00 1.00 331.53 nan 2688.91 32.17 19.71 1.00 0.00 0.00 0.01 0.00 0.01 2.69 2.69 2.47 1.00 1.00 1.00 1.00 1.00 1.00 1.00 1.97 2.22 1.83 3.41 4.59 4.50 4.19 4.94 6.43 6.95 8.83 24.21 34.11 5.41 1.00 1.00 1.00 1.00 1.06 10.72 34.33 9.82 2.12 17.70 1.07 77.47 nan 2673.87 2673.87 nan nan 2.67 2.67 0.01 0.02 0.06 0.01 0.00 0.00 2.67 nan nan nan nan nan nan nan 2.67
1.00 2.02 1.83 1.00 1.00 1.00 1.00 1.00 30.85 2692.04 2691.45 2691.45 2691.45 6.46 1.00 1.00 1.00 1.00 0.00 2.69 2.69 0.14 0.01 0.00 0.00 0.02 2.69 1.31 0.04 2.69 nan 0.00 1.00 1.00 1.00 1.00 1.00 1.00 1.00 1.00 1.00 1.00 1.00 3.10 4.56 4.59 4.44 1.73 1.38 13.30 617.20 137.71 8.93 3.00 1.00 3.59 12.98 12.85 26.89 20.71 8.47 4.63 1.00 1.00 11.74 2674.86 nan nan 2.67 2.67 2.67 2.67 2.50 0.01 0.07 0.01 0.00 nan nan nan nan nan nan nan nan nan nan
1.00 2.33 6.41 1.09 1.00 1.00 1.00 1.00 3.01 2692.04 2.69 2.69 2.69 0.13 0.00 0.00 0.00 0.00 0.01 0.00 0.01 0.14 0.06 0.01 0.00 0.00 nan nan nan nan nan nan 3.00 3.00 0.00 1.00 1.00 1.00 1.06 1.15 3.90 1.23 1.00 1.00 3.25 1.64 1.00 1.00 27.17 8041.29 8041.29 8038.64 158.96 3.00 1.00 6.92 40.18 8.18 13.58 20.37 4.20 4.65 1.00 1.00 3.78 2674.86 2673.87 2.67 2.67 2.67 2.67 2.67 0.17 0.10 0.01 0.02 0.02 nan nan nan nan nan nan nan nan nan nan
0.00 0.00 0.00 1.00 1.00 1.00 0.00 0.00 0.00 1.88 2.69 2.69 0.51 2.69 0.48 0.00 0.00 0.00 0.00 0.00 0.00 0.02 0.03 823.85 135.75 47.32 3.35 nan nan nan nan nan 3.00 3.00 9.81 0.00 0.00 0.00 0.00 0.00 28.18 48.02 1.00 1.00 1.00 0.00 0.00 76.64 30.06 464.32 6802.46 410.39 9.80 1.00 1.00 1.00 13.18 13.11 1.09 5.17 6.77 6.17 1.00 1.25 16.45 0.03 2.67 0.45 2.67 2.67 2.67 2.67 2.67 0.37 0.02 0.00 0.01 2.67 nan 0.03 0.00 0.00 0.00 0.00 0.00 2.67 nan
0.00 0.00 0.00 0.00 0.00 0.00 0.00 0.00 0.01 2.69 2.69 2.69 2.55 0.14 2.69 2.69 2.69 0.00 0.00 0.00 0.01 8066.74 8066.74 582.25 98.79 73.06 69.38 nan nan nan nan nan nan 3.00 3.00 0.00 0.01 0.01 0.00 0.00 0.00 0.00 0.00 0.00 0.00 8046.42 8043.88 163.71 122.93 8041.29 8041.29 5479.94 6.12 1.00 1.00 1.00 1.00 2.11 1.00 2.17 4.80 1.05 1.00 6.93 0.01 1.11 2.67 2.30 2.67 2.53 0.01 2.67 2.67 2.67 0.02 0.04 0.01 2.67 2.67 0.00 0.00 0.00 0.00 0.00 0.00 0.28 2.67
1.23 2.16 0.00 0.00 0.00 0.00 0.00 0.00 0.00 0.85 2.69 0.47 0.04 0.48 2.69 1.98 2.69 2.69 0.00 22.35 4779.90 853.56 1074.12 1093.17 460.72 46.42 19.46 30.77 nan nan nan nan nan 8063.08 3.00 0.00 0.00 0.00 0.00 0.00 0.00 0.00 0.00 0.00 24.56 3.00 8051.02 8051.02 8048.44 8048.44 nan nan 2.67 1.00 1.00 1.00 1.00 1.00 1.00 6.05 8.04 1.00 0.00 0.00 0.25 2.68 2.68 2.68 2.68 2.68 2.68 2.67 2.67 2.67 0.14 1.74 2.67 nan 0.01 0.00 0.00 0.00 0.00 0.00 0.00 2.67 1.88
0.00 0.00 0.00 0.00 0.00 0.00 0.00 0.00 0.05 2.69 0.01 0.01 0.43 2.69 2.69 2.69 2.69 2.69 8075.72 8075.72 56.32 80.42 54.09 92.68 580.89 60.36 89.63 5816.38 nan nan nan nan 8065.33 244.81 0.01 0.00 0.00 0.00 0.00 0.00 0.00 0.00 23.94 16.40 12.59 33.65 6587.40 121.32 160.30 nan nan nan nan 2681.93 2681.04 2681.04 7.07 5.77 5.85 6.71 0.00 0.00 0.00 0.10 2.68 0.07 2.68 2.68 2.68 2.68 2.68 2.67 0.10 0.02 2.59 2.67 2.67 0.04 0.00 0.00 0.00 0.00 0.00 0.00 0.00 0.04 0.06
0.00 0.00 0.00 0.00 0.00 0.00 0.00 0.08 2.69 nan 2.69 0.69 2.69 2.69 2.69 2.69 2.69 nan 4670.25 8075.72 nan 95.19 29.74 108.19 323.27 8069.65 675.77 8069.65 nan nan 8067.51 nan 8065.33 0.00 0.00 0.00 0.00 0.00 0.00 0.00 0.00 1663.50 5.06 3.00 35.69 8.59 5.06 8051.02 135.85 nan nan nan nan nan nan nan nan 2680.12 107.14 0.02 0.00 0.00 0.00 nan 2.30 2.68 0.50 2.68 2.68 2.68 2.68 0.20 0.67 0.02 0.16 0.19 0.22 0.00 0.00 0.00 0.00 0.00 0.00 0.00 0.00 0.03 0.07
2.70 0.00 0.00 0.00 0.00 0.00 0.01 2.69 2.69 nan nan 2.69 2.69 2.69 2.69 2.69 nan nan 8075.72 35.61 nan nan 598.92 186.11 5605.40 8069.65 8069.65 57.30 125.81 nan nan 0.11 2.69 0.00 0.00 0.11 0.00 0.00 0.00 51.28 15.30 83.08 262.52 62.93 3.48 3.00 6.84 11.65 3.00 7842.55 nan nan nan nan nan nan nan 2680.12 0.02 0.00 0.02 0.00 2.68 nan 0.03 2.68 2.68 2.68 2.68 2.68 1.35 0.17 0.03 0.23 2.67 0.09 0.01 0.00 0.00 0.00 0.00 0.00 0.00 0.00 0.00 0.02 2.67
nan 2.70 0.00 0.00 0.00 0.07 2.70 2.70 nan 2.70 nan 2.70 2.70 0.50 nan 2.69 nan nan 8082.64 8082.64 nan 8080.69 24.31 1343.88 8078.68 8076.61 8076.61 2745.78 8074.49 nan 2.69 0.11 0.02 0.00 0.01 0.13 976.62 245.52 282.73 8.16 110.06 117.90 150.67 8060.59 7887.62 596.05 7.18 3.00 3.00 1.00 2685.17 nan nan nan nan nan 2682.49 0.01 0.01 2.68 1.39 2.68 nan nan 0.80 2.68 nan 2.68 2.68 2.68 0.06 0.38 0.06 0.03 2.68 0.09 0.00 0.00 0.00 0.01 0.00 0.00 0.00 0.00 0.00 0.00 0.00
nan nan 1.65 0.00 0.06 2.70 2.70 2.70 nan nan 2.70 2.70 0.07 0.01 0.11 2.69 nan nan 73.67 8082.64 nan nan 8080.69 267.50 182.09 8076.61 8076.61 nan nan 2.69 0.30 0.02 0.20 0.00 53.27 8070.08 8067.79 105.97 8065.44 70.94 784.74 211.87 3148.91 8060.59 8060.59 153.23 502.31 8.62 1.08 1.74 26.93 111.96 26.78 2205.43 nan 2.68 0.76 0.02 0.01 2.68 nan nan nan nan 2.68 2.68 nan 2.68 2.68 2.68 0.71 0.21 0.05 0.47 0.08 0.05 0.01 0.00 0.00 0.00 0.00 0.00 0.00 0.00 0.00 0.00 0.00
nan nan nan 2.70 2.70 0.02 0.00 0.00 0.07 nan 2.70 2.70 1.08 2.70 2.70 2.69 8084.54 8084.54 8082.64 34.21 nan nan nan nan 8078.68 8076.61 8076.61 nan 0.39 2.69 nan 2.69 2.69 nan 1755.19 8070.08 8067.79 8067.79 8065.44 8065.44 8065.44 1115.32 8063.04 8060.59 3179.39 8060.59 375.99 1631.39 276.34 27.77 4.71 2.94 1.00 2.29 0.05 0.04 1.82 2.68 1.50 0.44 2.68 nan nan 2.68 2.68 nan nan nan 2.68 2.68 2.68 2.68 2.68 0.23 2.68 2.68 2.67 0.01 0.00 0.00 0.00 0.00 0.00 0.00 0.00 0.00 0.01
nan nan nan nan 2.70 0.00 0.00 0.00 0.00 0.03 2.70 2.70 2.70 2.70 2.70 nan nan nan nan nan nan nan nan nan nan nan 0.00 2.69 nan 2.69 nan nan 8072.31 8070.08 nan 8070.08 8067.79 nan nan nan nan nan 8063.04 8060.59 81.40 16.16 2686.02 644.43 2685.17 22.29 3.29 1.00 1.65 0.00 0.01 0.00 0.09 2.68 2.20 0.01 2.43 2.68 2.68 0.00 0.03 2.68 2.68 nan nan 2.68 2.68 2.68 2.68 0.27 0.00 0.94 2.67 1.43 0.01 0.01 0.00 0.00 0.00 0.00 2.61 2.67 2.67
1.55 nan nan nan 2.70 0.01 0.09 0.00 0.00 0.00 0.00 0.38 0.01 0.01 0.00 0.00 2.69 2.69 nan nan nan nan nan nan 2.69 2.69 0.00 0.00 2.69 2.69 nan nan nan 8.53 91.07 8070.08 365.17 212.89 8065.44 nan nan 8063.04 7399.96 193.65 6.78 2.12 8.85 13.11 272.59 5.15 2.12 1.00 0.00 0.00 0.00 0.00 0.00 0.01 0.03 1.32 2.68 0.16 0.00 0.00 0.00 0.00 0.00 2.68 nan 2.68 0.06 0.01 0.00 0.00 0.00 0.00 0.01 0.01 0.01 0.01 0.01 0.01 0.00 0.02 2.67 2.67 2.67
0.00 0.00 2.70 2.70 0.01 0.01 0.00 0.00 0.00 0.00 1.90 2.70 0.32 0.01 0.00 0.00 0.00 0.00 0.00 3.00 nan nan nan nan 2.70 0.01 0.00 0.00 0.00 2.69 nan nan 35.33 3.00 35.72 8077.00 8074.72 8074.72 8072.38 nan nan 7709.02 2.87 1.00 1.00 6.23 20.05 13.40 5.66 1.00 3.27 0.00 0.00 0.00 0.00 0.00 0.00 0.00 0.00 0.00 0.00 0.00 0.00 0.00 0.00 0.00 0.00 0.00 2.68 1.27 0.00 0.00 0.00 0.00 0.01 0.09 0.01 0.01 0.01 0.01 0.01 0.01 0.01 0.13 2.67 2.67 2.67
0.00 0.00 0.02 2.70 2.70 2.70 0.01 0.00 0.01 2.70 2.70 nan nan 8093.22 201.21 0.00 0.00 0.00 0.00 2.70 nan nan nan 2.70 0.01 0.00 0.00 0.00 0.00 2.69 nan nan 30.43 3.00 3.09 4699.26 nan nan nan nan 8072.38 1.92 1.00 1.00 1.79 18.04 59.74 13.08 2.02 1.00 0.00 0.00 0.00 0.00 0.00 0.00 0.00 0.00 0.00 0.00 0.00 0.00 0.00 0.00 0.00 0.00 0.00 0.00 0.53 2.68 2.68 0.13 0.29 1.52 0.02 0.00 0.00 0.01 0.00 0.00 0.00 0.00 0.00 2.67 nan nan 2.67
