OUTPUT-RE/DISPLACEMENTS/Dist_20th_475years/Disp_20th__Earthquake475m-03_PGA=2.87__Ru=0.27_20.txt
ncols         654
nrows         1178
xllcorner     514480
yllcorner     4496780
cellsize      20
nodata_value  -9999.0
[rows 546 to 584 of 1178, columns 261 to 347 of 654]
3.00 3.00 3.00 3.00 3.00 3.00 3.00 3.00 3.00 3.00 3.00 3.00 3.00 3.00 3.00 3.00 3.00 3.00 3.00 3.00 8170.21 nan nan nan 8167.37 0.00 0.00 0.00 0.00 0.00 0.00 0.00 0.00 0.00 0.00 1.00 1.00 1.00 1.00 4.63 1.00 1.00 1.00 1.00 1.00 1.00 1.00 1.00 1.00 1.00 1.00 105.73 14.70 16.59 2711.42 2711.42 2710.53 6.15 1.00 1.00 1.00 1.00 1.00 1.00 1.00 1.00 1.00 1.00 1.00 1.00 1.00 1.00 1.00 1.00 1.00 1.00 1.00 1.00 1.00 1.00 1.00 1.00 1.00 1.00 1.00 1.00 1.00
3.00 3.00 3.00 3.00 3.00 3.00 3.00 3.00 3.00 3.00 3.00 3.00 3.00 3.00 3.00 3.00 3.00 3.00 3.00 3.00 6393.41 nan nan nan 8167.37 1.00 1.00 1.00 0.00 0.00 0.00 0.00 1.00 1.00 1.00 1.00 1.00 1.00 6.42 1.00 1.00 1.00 1.00 1.00 1.00 1.00 1.44 16.17 35.51 5.86 1.00 1.00 9.98 2711.42 2711.42 839.86 7.07 21.98 1.35 1.00 1.00 1.00 1.00 1.00 1.00 1.00 1.00 1.00 1.00 1.00 1.00 1.00 1.00 1.00 1.00 1.00 1.00 1.00 1.00 1.00 1.16 1.46 1.00 1.00 1.00 1.00 1.00
3.00 3.00 3.00 3.00 3.00 3.00 3.00 3.00 3.00 3.00 3.00 3.00 3.00 3.00 3.00 3.00 3.00 3.00 3.00 3.00 1280.33 nan nan nan 8172.87 1.00 1.00 1.00 1.00 1.00 1.00 1.00 1.00 1.00 1.00 1.00 1.00 1.00 1.00 1.00 1.00 1.00 1.00 1.00 1.00 140.30 28.81 11.08 91.99 12.67 3.27 1.00 1.65 12.45 9.65 4.90 1.20 1.00 1.00 1.00 1.00 1.00 1.00 1.00 1.00 1.00 1.00 1.00 1.00 1.00 1.00 1.00 1.09 3.55 9.22 2.36 1.09 1.00 1.00 1.00 1.00 1.00 1.00 1.42 2.23 4.39 1.00
3.00 3.00 3.00 3.00 3.00 3.00 3.00 3.00 3.00 3.00 3.00 3.00 3.00 3.00 3.00 3.00 3.00 8.65 54.09 3.00 14.40 8175.74 nan nan 8172.87 1.00 1.00 1.00 1.00 1.00 1.00 1.00 1.00 1.00 1.00 1.00 1.00 1.00 1.00 1.00 1.00 1.00 1.00 1.00 1.97 2502.70 29.46 13.23 25.92 1.24 2.06 9.15 2.89 1.00 1.00 1.00 1.00 1.00 1.00 1.00 1.00 1.00 1.12 1.28 1.44 1.00 1.00 1.00 1.00 1.00 1.00 1.00 1.27 10.74 22.51 2.50 1.00 1.01 1.54 1.00 1.00 1.00 1.00 1.15 1.45 1.32 1.00
3.00 3.00 3.00 3.00 3.00 3.00 3.00 3.00 3.00 3.00 3.00 3.00 3.00 3.00 3.00 3.00 19.39 660.57 3.00 3.00 3.00 76.47 nan nan 1586.41 1.00 1.00 1.00 1.00 1.00 1.00 1.00 1.00 1.00 1.00 1.00 1.00 1.00 1.00 1.00 1.00 1.00 1.00 1.00 37.94 2716.78 2715.86 4.58 1.00 1.00 1.00 1.31 64.31 13.18 1.00 1.00 1.00 1.00 1.00 1.00 1.00 1.00 1.00 1.00 1.00 1.00 1.38 1.00 1.00 1.31 1.00 1.00 1.00 1.69 1.47 1.30 1.00 1.00 1.00 1.00 1.00 1.00 1.00 1.00 1.00 1.00 1.00
3.00 3.00 3.00 3.00 3.00 3.00 6.21 3.00 3.00 3.00 3.00 3.00 3.00 3.00 3.00 234.07 8181.53 3.00 3.00 3.00 3.00 7.65 nan nan 22.95 1.00 1.00 1.00 1.00 1.00 1.00 1.00 1.00 1.00 1.00 1.00 1.00 1.00 1.00 1.00 1.00 1.00 1.00 391.27 nan 2716.78 1.00 1.00 1.00 1.00 1.00 5.15 27.21 919.15 9.89 1.00 1.00 1.00 1.00 1.00 1.00 1.00 1.00 4.83 5.85 1.44 1.14 1.19 3.70 1.00 1.00 1.00 1.00 1.00 5.67 1.98 1.00 1.00 1.00 1.00 1.00 1.00 1.00 1.14 1.00 1.00 1.00
3.00 3.00 3.00 3.00 3.00 363.42 109.40 5.15 3.00 3.43 3.00 3.00 3.00 3.00 3.00 841.30 1235.89 3.00 3.00 3.00 3.00 122.31 8181.32 nan 105.77 3.00 1.00 1.00 1.00 1.00 1.00 1.00 1.00 1.00 1.00 1.00 1.00 1.00 1.00 1.00 1.00 8.92 16.34 2718.54 2718.54 1.00 1.00 3.76 14.69 1.27 1.00 5.10 3.10 48.72 4.41 1.95 1.00 1.00 1.00 1.00 1.00 1.00 1.00 14.61 19.90 1.23 1.00 1.00 1.00 1.00 1.00 1.00 1.00 1.00 1.51 1.00 1.00 1.00 1.00 1.00 1.00 1.00 1.00 1.00 1.00 1.00 1.48
3.00 3.00 3.00 3.00 11.76 1096.63 3389.01 20.94 13.90 26.34 3.00 9.23 3.00 3.00 3.00 3.00 3.00 3.00 3.00 3.00 3.68 30.49 5.98 3.00 3.00 6.85 1.00 1.00 1.00 1.00 1.00 1.00 1.00 1.00 1.00 1.00 1.00 12.30 1.00 1.00 10.07 98.35 2719.48 2718.54 1.81 1.00 8.87 4.27 6.52 2.68 4.68 1.00 7.00 4.40 11.86 7.54 1.06 1.00 1.00 1.00 1.00 1.00 1.38 4.27 3.67 1.00 1.00 1.00 1.00 1.00 1.00 1.00 1.00 1.00 1.00 1.00 1.00 1.00 1.00 1.00 1.00 1.00 1.00 1.00 2.77 4.00 2.51
3.00 3.00 3.00 3.00 1434.74 8199.08 182.24 21.22 76.37 242.71 8.20 3.67 3.00 3.00 3.00 3.00 3.00 3.00 3.00 13.93 133.55 3.00 6.10 4.15 3.00 3.00 1.00 1.00 1.00 1.00 1.00 1.00 1.00 1.00 1.00 1.00 1.00 5.17 1.97 1.00 22.03 nan nan 2718.54 1.00 1.00 8.27 1.00 1.00 2.52 2.58 6.37 14.34 2.65 1.00 1.00 1.00 1.00 1.00 1.00 1.00 1.00 1.00 1.00 1.00 1.00 1.00 1.00 2.54 1.00 1.00 1.00 1.00 1.00 1.00 1.00 1.00 1.00 1.00 1.00 1.00 1.00 1.00 1.00 1.00 3.21 25.30
3.00 3.00 3.00 3.00 73.02 6023.49 36.01 77.08 8196.09 100.90 13.48 3.00 4.69 3.18 3.00 3.00 3.00 3.00 3.00 4.47 3.00 3.00 8177.31 88.88 3.00 3.00 1.00 1.00 1.00 1.00 1.00 1.00 1.00 1.00 1.00 1.00 1.00 4.15 66.00 1.00 2719.48 nan nan 877.59 1.00 1.00 1.00 1.00 1.00 2.28 1.79 11.75 5.25 1.00 1.00 1.00 1.00 1.00 1.00 1.00 1.00 1.00 1.00 1.00 1.00 1.00 1.00 1.00 1.00 2.67 1.00 1.00 1.00 1.00 1.00 1.00 1.07 1.00 1.00 1.00 1.00 1.00 1.00 1.00 3.39 2.41 1.00
3.00 3.00 3.00 3.58 17.90 35.17 46.54 395.16 2964.54 53.46 6.85 3.00 7.26 3.00 3.00 3.00 3.00 3.00 3.00 3.00 3.00 1461.50 nan 3.00 3.00 1.00 1.00 1.00 1.00 1.00 1.00 1.00 1.00 1.00 1.00 1.00 1.00 2.47 8.55 2720.41 2719.48 nan nan 410.92 1.00 1.00 1.00 1.00 1.00 1.00 1.00 1.08 1.00 1.00 1.00 1.00 1.00 1.00 1.00 1.00 1.00 1.00 1.00 1.00 1.00 1.00 1.00 1.00 1.00 1.00 1.00 1.00 1.60 1.00 1.00 1.00 2.02 1.36 1.49 3.07 1.00 2.79 3.85 11.27 17.34 45.63 9.62
3.00 3.00 3.00 18.26 24.60 31.88 97.64 145.73 709.24 34.87 3.00 3.00 3.00 3.00 3.00 3.00 3.00 3.00 3.00 3.00 3.00 nan nan 3.00 3.00 1.00 1.00 1.00 1.00 1.00 1.00 1.00 1.00 1.00 1.00 1.00 1.00 2723.17 nan 2722.21 1.00 1952.54 nan 78.52 1.00 1.00 1.00 1.00 1.00 1.00 1.00 1.00 1.00 1.00 1.00 1.00 1.00 1.00 1.00 1.00 1.00 1.00 1.00 1.00 1.00 1.00 1.00 1.00 1.00 1.00 1.00 1.47 6.19 1.96 1.00 3.51 110.14 1307.57 1669.52 26.17 46.20 31.06 2706.58 2706.58 2705.68 2705.68 2704.79
3.00 3.00 3.00 3.00 5.12 3.00 26.10 101.21 13.16 3.49 5.15 3.00 3.00 3.00 3.00 3.00 3.00 3.00 3.00 3.00 3.00 6.21 8186.96 3.00 1.00 1.00 1.00 1.00 1.00 1.00 1.00 1.00 1.00 1.00 1.00 1.00 1.47 2723.17 3.68 1.00 1.00 2721.26 nan 10.63 1.00 1.00 1.00 1.00 1.00 1.00 1.00 1.00 1.00 1.00 1.00 1.00 1.00 1.00 1.00 1.00 1.00 1.00 1.00 1.00 1.00 1.00 1.00 1.00 1.00 1.00 1.00 1.00 1.00 1.00 1.00 15.11 2708.37 2708.37 2708.37 2707.47 2707.47 8.86 241.88 27.17 1062.78 2705.68 2704.79
3.00 3.00 3.00 3.00 3.00 3.00 3.26 36.19 5.37 3.00 3.00 3.00 3.00 3.00 3.00 3.00 3.00 3.00 3.00 3.00 3.00 3.00 41.38 4.59 1.00 1.00 1.00 1.00 1.00 1.00 1.00 1.00 1.00 1.00 1.00 1.00 1.00 1.00 6.52 1.00 1.00 1.00 790.27 nan 62.29 1.00 1.00 1.00 1.00 1.00 1.00 1.00 1.00 1.00 1.00 1.00 1.00 1.00 1.00 1.00 1.00 1.00 1.00 1.00 1.00 1.00 1.00 1.00 1.00 1.00 1.00 1.00 1.00 1.00 1.00 1.15 65.98 2708.37 109.73 21.52 5.42 1.00 1.00 1.00 1.00 1.00 2.60
3.00 15.94 3.00 3.00 3.00 3.00 3.00 3.00 3.00 3.00 3.00 3.00 3.00 3.00 3.00 3.00 3.00 3.00 3.00 7.66 160.77 8186.96 8186.96 3.00 1.00 1.00 1.00 1.00 1.00 1.00 1.00 1.00 1.00 1.00 1.00 1.00 3.03 25.99 1.62 1.00 1.00 1.00 171.22 98.18 8.14 1.00 1.00 1.00 1.00 1.00 1.00 1.00 1.00 1.00 1.00 1.00 1.00 1.00 1.00 1.00 1.00 1.00 1.00 1.00 1.00 1.00 1.00 1.00 1.00 1.00 1.00 1.00 1.00 1.00 1.00 8.01 2.66 7.91 8.05 1.00 1.00 1.00 1.00 1.00 0.00 0.00 0.00
3.00 3.00 3.00 3.00 3.00 3.00 6.79 3.00 3.00 3.00 4.05 4.52 4.00 3.00 3.00 3.00 16.42 200.44 8195.65 nan nan 8192.65 3.00 3.00 1.00 1.00 1.00 1.00 1.00 1.00 1.00 1.00 1.00 1.00 1.00 1.00 3.79 3.65 1.00 1.00 1.00 2723.06 2723.06 1.00 1.00 1.00 1.00 1.00 1.00 1.00 1.00 1.00 1.00 1.00 1.00 1.00 1.00 1.00 1.00 1.00 1.00 1.00 1.00 1.00 1.00 1.00 1.00 1.00 1.00 1.00 1.00 1.00 1.00 1.00 1.00 1.00 3.39 5.20 11.19 2.97 1.00 0.00 0.00 0.00 0.00 0.00 0.00
3.00 3.00 3.00 3.00 3.00 3.00 3.00 3.00 3.00 3.00 3.00 3.00 3.00 3.00 3.00 262.56 nan 8195.65 8195.65 nan 389.38 3.00 3.00 1.00 1.00 1.00 1.00 1.00 1.00 1.00 1.00 1.00 1.00 1.00 1.00 1.00 2.43 32.62 2656.22 597.79 2723.06 2723.06 1.00 1.00 1.00 1.00 1.00 1.00 1.00 1.00 1.00 1.00 1.00 1.00 1.00 1.00 1.00 1.00 1.00 1.00 1.00 1.00 1.00 1.00 1.00 1.00 1.00 1.00 1.00 1.00 1.00 1.00 1.00 1.00 1.00 1.00 1.00 6.39 0.02 0.03 0.01 0.00 0.00 0.00 0.00 0.00 0.00
3.00 8217.04 8213.94 110.26 4.20 3.00 3.00 3.00 3.00 3.73 3.84 4.77 3.66 3.00 134.97 nan nan 444.25 15.60 12.03 3.00 3.00 1.00 1.00 1.00 1.00 1.00 1.00 1.00 1.00 1.00 1.00 1.00 1.00 1.00 1.00 13.55 2724.99 2724.03 365.28 2723.06 1384.95 1.00 1.00 1.00 1.00 1.00 1.00 1.00 1.00 1.00 1.00 1.00 1.00 1.00 1.00 1.00 1.00 1.00 1.00 1.00 1.00 1.00 1.00 1.00 1.00 1.00 1.00 1.00 1.00 1.00 1.00 1.00 1.00 1.00 1.00 0.00 0.00 0.44 2.71 0.06 0.02 0.00 0.00 0.00 0.00 0.00
7.42 nan nan nan 310.86 4.14 3.00 3.00 3.00 3.00 5.70 3.00 4.47 8201.68 nan nan 715.17 3.00 3.00 3.00 3.00 1.00 1.00 1.00 1.00 1.00 1.00 1.00 1.00 1.00 1.00 1.00 1.00 1.00 1.00 1.00 25.96 2724.99 2724.03 1084.70 1233.87 2723.06 1.00 1.00 1.00 1.00 1.00 1.00 1.00 1.00 1.00 1.00 1.00 1.00 1.00 1.00 1.00 1.00 1.00 1.00 1.00 1.00 1.00 1.00 1.00 1.00 1.00 1.00 1.00 1.00 1.00 1.00 1.00 1.00 0.00 0.00 0.00 0.00 0.01 0.07 0.03 0.02 0.00 0.00 0.00 0.00 0.00
8217.04 nan nan nan 8213.94 310.73 9.70 3.05 8.50 575.59 1580.74 7466.30 nan nan 10.00 7349.23 3.00 3.00 3.00 3.00 3.00 1.00 1.00 1.00 1.00 1.00 1.00 1.00 1.00 1.00 1.00 1.00 1.00 1.00 1.00 1.00 62.59 2405.85 1799.14 278.05 2.35 8.20 3.28 1.00 1.00 1.00 1.00 1.00 1.00 1.00 1.00 1.00 1.00 1.00 1.00 1.00 1.00 1.00 1.00 1.00 1.00 1.00 1.00 1.00 1.00 1.00 1.00 1.00 1.00 1.00 1.00 0.00 0.00 0.00 0.00 0.00 0.00 0.00 0.00 0.01 0.01 0.01 0.00 0.00 0.00 0.00 0.00
57.61 nan nan nan 8219.95 84.16 10.68 3.00 195.17 1294.01 8210.62 nan nan 3.00 3.00 18.86 3.00 3.00 3.00 3.00 1.00 1.00 1.00 1.00 1.00 1.00 1.00 1.00 1.00 1.00 1.00 1.00 1.00 1.00 1.00 1.00 17.15 13.52 16.17 15.70 50.58 2724.89 2.54 1.00 1.00 1.00 1.00 1.00 1.00 1.00 1.00 1.00 1.00 1.00 1.00 1.00 1.00 1.00 1.00 1.00 1.00 1.00 1.00 1.00 1.00 1.00 1.00 1.00 1.00 1.00 1.00 0.00 0.00 0.00 0.00 0.00 0.00 0.00 0.00 0.00 0.00 0.00 0.00 0.00 0.00 0.00 0.00
255.09 8223.09 nan nan 1088.92 3.00 3.00 3.00 110.53 8213.72 8210.62 1487.84 3.00 3.00 3.00 3.00 3.00 3.00 3.00 1.00 1.00 1.00 1.00 1.00 1.00 1.00 1.00 1.00 1.00 1.00 1.00 1.00 1.00 1.00 1.00 1.00 14.92 19.90 906.62 2725.86 2724.89 2724.89 39.83 1.00 1.00 1.00 1.00 1.00 1.00 1.00 1.00 1.00 1.00 1.00 1.00 1.00 1.00 1.00 1.00 1.00 1.00 1.00 1.00 1.00 1.00 1.00 1.00 1.00 1.00 1.00 0.00 0.00 0.00 0.00 0.00 0.00 0.00 0.00 0.00 0.00 0.00 0.00 0.00 0.00 0.00 0.00 0.00
nan nan nan nan 6458.06 3.00 0.00 3.00 97.41 48.92 6.22 5.82 3.00 3.00 3.00 3.00 3.00 3.00 3.00 1.00 1.00 1.00 1.00 1.00 1.00 1.00 1.00 1.00 1.00 1.00 1.00 1.00 1.00 1.00 1.00 1.00 1.37 2726.84 2725.86 2725.86 228.60 2.11 26.69 2.64 1.00 1.00 1.00 1.00 1.00 1.00 1.00 1.00 1.00 1.00 1.00 1.00 1.00 1.00 1.00 1.00 1.00 1.00 1.00 1.00 1.00 1.00 1.00 1.00 1.00 0.00 0.00 0.00 0.00 0.00 0.00 0.00 0.00 0.00 0.00 0.00 0.00 0.00 0.00 0.00 0.00 0.00 0.00
nan nan nan nan 19.32 3.00 3.00 0.00 0.00 0.00 0.00 0.00 0.00 3.00 3.00 3.00 3.00 3.00 1.00 1.00 1.00 1.00 1.00 1.00 1.00 1.00 1.00 1.00 1.00 1.00 1.00 1.00 1.00 1.00 1.00 1.00 263.83 155.27 12.87 13.06 11.10 65.17 2724.89 1.00 1.00 1.00 1.00 1.00 1.00 1.00 1.00 1.00 1.00 1.00 1.00 1.00 1.00 1.00 1.00 1.00 1.00 1.00 1.00 1.00 1.00 1.00 1.00 1.00 1.00 0.00 0.00 0.00 0.00 0.00 0.00 0.00 0.00 0.00 0.00 0.00 0.00 0.00 0.00 0.00 0.00 0.00 0.00
nan nan nan nan 3898.15 3.00 3.00 0.00 0.00 0.00 0.00 0.00 0.00 0.00 0.00 0.00 0.00 0.00 1.00 1.00 1.00 1.00 1.00 1.00 1.00 1.00 1.00 1.00 1.00 1.00 1.00 1.00 1.00 1.00 1.00 1.00 709.64 33.17 18.03 2725.86 2724.89 2724.89 2541.15 1.00 1.00 1.00 1.00 1.00 1.00 1.00 1.00 1.00 1.00 1.00 1.00 1.00 1.00 1.00 1.00 1.00 1.00 1.00 1.00 1.00 1.00 1.00 1.00 4.38 0.00 0.00 0.00 0.00 0.00 0.00 0.00 0.00 0.00 0.00 0.00 0.00 0.00 0.00 0.00 0.00 0.00 0.00 0.00
nan 8229.20 8226.03 8226.03 8226.03 14.54 3.00 353.84 0.00 0.00 0.00 0.00 0.00 0.00 0.00 0.00 0.00 0.00 1.00 1.00 1.00 1.00 1.00 1.00 1.00 1.00 1.00 1.00 nan 1.00 1.00 1.00 1.00 1.00 1.00 1.00 1.00 5.81 2727.71 2727.71 2726.73 2726.73 1904.53 1.00 1.00 1.00 1.00 1.00 1.00 1.00 1.00 1.00 1.00 1.00 1.00 1.00 1.00 1.00 1.00 1.00 1.00 1.00 1.00 1.00 1.00 1.00 4.40 57.14 0.01 0.01 0.00 0.00 0.00 0.00 0.00 0.00 0.00 0.00 0.00 0.00 0.00 0.00 0.00 0.00 0.00 0.00 0.00
nan 8229.20 7314.93 8226.03 1491.63 8222.86 5321.89 8219.72 0.01 0.00 0.00 0.00 0.00 0.00 0.00 0.00 0.00 0.00 0.00 1.00 1.00 1.00 1.00 1.00 1.00 1.00 1.00 1.00 nan 1.00 1.00 1.00 1.00 1.00 1.00 1.00 1.90 635.26 2727.71 2727.71 2726.73 nan nan 67.52 1.00 1.00 1.00 1.00 1.00 1.00 1.00 1.00 1.00 3.94 444.83 2721.87 30.51 1.00 1.00 1.00 1.00 1.00 1.00 1.00 1.00 1.00 1.00 2717.12 2.72 2.72 0.43 0.41 0.11 0.04 0.01 0.00 0.00 0.00 0.01 0.00 0.00 0.02 0.00 0.00 0.00 0.00 0.00
8229.20 8229.20 8226.03 42.24 3.00 546.77 nan nan 2.74 0.00 0.00 0.00 0.00 0.00 0.00 0.00 0.00 0.00 0.00 1.00 1.00 1.00 1.00 1.00 1.00 1.00 1.00 1.00 1.00 1.00 1.00 1.00 1.00 1.00 1.00 1.00 1.00 2728.70 nan nan 2726.73 2726.73 nan nan 2725.75 1.00 1.00 1.00 1.00 1.00 2.03 7.53 3.12 3.01 151.43 2721.87 2720.92 2720.92 25.76 1.00 1.00 1.00 1.00 1.00 1.00 1.00 1.00 1.15 0.02 0.17 0.06 0.01 0.02 0.02 0.00 0.00 0.00 0.00 0.00 0.00 0.00 0.00 0.00 0.00 0.00 0.00 0.00
3.00 64.66 8226.03 321.35 3.00 3.00 32.61 8219.72 1.04 0.27 0.00 0.00 0.00 0.00 0.00 0.00 0.00 0.00 0.00 0.00 1.00 1.00 1.00 1.00 1.00 1.00 1.00 1.00 1.00 1.00 1.00 1.00 1.00 1.00 1.00 1.00 1.00 1.69 2727.71 nan nan nan nan nan nan 1676.83 1.00 1.00 1.00 1.00 1.00 7.68 23.36 7.82 14.39 9.55 17.90 279.29 2719.96 1.00 1.00 1.00 1.00 1.00 1.00 1.00 1.00 1.00 0.00 0.00 0.00 0.00 0.00 0.00 0.00 0.00 0.00 0.00 0.00 0.00 0.00 0.00 0.00 0.00 0.00 0.00 0.00
3.00 4.37 57.84 52.53 3.78 3.00 3.00 8.72 0.00 0.00 0.01 0.02 0.00 0.00 0.00 0.00 0.00 0.00 0.00 0.00 0.00 1.00 1.00 1.00 1.00 1.00 1.00 1.00 1.00 1.00 1.00 1.00 1.00 1.00 1.00 1.00 1.00 1.00 1.03 2729.58 nan nan nan nan 2727.60 2727.60 191.01 11.39 1.00 1.00 1.00 1.00 5.77 9.84 43.75 34.43 44.65 1427.33 2721.74 764.98 3.11 1.00 1.00 1.83 1.00 1.00 1.00 0.00 0.00 0.00 0.00 0.00 0.00 0.00 0.00 0.00 0.00 0.00 0.00 0.00 0.00 0.00 0.00 0.00 0.00 0.00 0.00
3.00 3.00 54.27 11.16 3.88 13.13 101.37 236.74 0.00 0.00 0.01 0.01 0.00 0.00 0.00 0.00 0.00 0.00 0.00 0.00 0.00 0.00 1.00 1.00 1.00 1.00 1.00 1.00 1.00 1.00 1.00 1.00 1.00 1.00 1.00 1.00 1.00 1.00 1.00 1.00 2728.59 nan nan nan 2727.60 1.00 5.71 783.62 60.09 1.00 1.00 1.00 1.96 15.26 33.17 7.93 25.05 2722.71 2721.74 2721.74 2721.74 17.26 10.62 1.00 1.00 1.00 1.00 0.00 0.00 0.00 0.00 0.00 0.00 0.00 0.00 0.00 0.00 0.00 0.00 0.00 0.00 0.00 0.00 0.00 0.00 0.00 0.00
3.00 3.00 64.27 3.67 3.00 4.10 63.99 6086.05 0.00 0.00 0.00 0.00 0.01 0.00 0.00 0.00 0.00 0.00 0.00 0.00 0.00 0.00 0.00 1.00 1.00 1.00 1.00 1.00 1.00 1.00 1.00 1.00 1.00 1.00 1.00 1.00 1.00 1.00 1.00 1.00 1.00 165.17 118.48 nan nan 4.14 1.00 2726.61 2725.63 16.62 8.02 6.08 7.34 41.52 58.94 2.10 31.33 2722.71 nan 2721.74 2721.74 2720.78 10.93 1.00 1.00 1.00 0.00 0.00 0.00 0.00 0.00 0.00 0.00 0.00 0.00 0.00 0.00 0.00 0.00 0.00 0.00 0.00 0.00 0.00 0.00 0.00 0.00
3.00 25.45 147.19 3.00 3.00 3.00 40.35 5067.75 0.00 0.00 0.00 0.00 0.00 0.00 0.00 0.00 0.00 0.00 0.00 0.00 0.00 0.00 0.00 0.00 1.00 1.00 1.00 1.00 1.00 1.00 1.00 1.00 1.00 1.00 1.00 1.00 1.00 1.00 1.00 1.00 1.00 nan 2728.59 4.46 583.65 7.67 6.63 227.13 2725.63 1188.39 48.99 1.25 4.43 10.29 1705.62 1.00 2533.72 nan nan 2721.74 2721.74 1059.66 3.33 1.00 1.00 0.00 0.00 0.00 0.00 0.00 0.00 0.00 0.00 0.00 0.00 0.00 0.00 0.00 0.00 0.00 0.00 0.00 0.00 0.00 0.00 0.00 0.00
3.00 107.95 214.40 3.00 3.00 3.00 3.00 0.00 0.00 0.97 2.74 0.01 0.00 0.00 0.00 0.00 0.00 0.00 0.00 0.00 0.00 0.00 0.00 0.00 0.00 1.00 1.00 1.00 1.00 1.00 1.00 1.00 1.00 1.00 1.00 1.00 1.00 1.00 1.00 1.00 1.00 1.00 nan 2727.60 2727.60 5.53 1620.58 879.60 509.64 36.57 9.02 1.00 1.00 1.00 1.16 1.00 1.00 1.00 nan 15.07 13.11 13.03 1.00 1.01 0.00 0.00 0.00 0.00 0.00 0.00 0.00 0.00 0.00 0.00 0.00 0.00 0.00 0.00 0.00 0.00 0.00 0.00 0.00 0.00 0.00 0.00 0.00
3.00 17.95 22.13 3.00 3.00 3.00 3.00 0.00 0.00 2.74 2.74 2.74 0.00 0.00 0.00 0.00 0.00 0.00 0.00 0.00 0.00 0.00 0.00 0.00 0.00 0.00 0.00 1.00 1.00 1.00 1.00 1.00 1.00 1.00 1.00 1.00 1.00 1.00 1.00 1.00 1.00 1.00 2730.47 16.51 759.94 1.34 2728.47 578.11 14.96 1.00 1.00 1.00 1.00 1.00 1.00 1.00 1.00 1.00 1.00 1749.75 1.00 0.00 0.00 0.00 0.00 0.00 0.00 0.00 0.00 0.00 0.00 0.00 0.00 0.00 0.00 0.00 0.00 0.00 0.00 0.00 0.00 0.00 0.00 0.00 0.00 0.00 0.00
3.00 9.08 3.00 3.00 3.00 3.00 3.00 0.00 0.00 0.01 0.06 0.00 0.00 0.00 0.00 0.00 0.00 0.00 0.00 0.00 0.00 0.00 0.00 0.00 0.00 0.00 0.00 0.00 0.00 0.00 0.00 0.00 0.00 1.00 1.00 1.00 1.00 1.00 1.00 1.00 1.00 1.00 140.77 nan 2.79 1.00 1.00 36.77 8.68 1.00 1.00 1.00 1.00 1.00 1.00 1.00 1.00 0.00 0.00 0.00 0.00 0.00 0.00 0.00 0.00 0.00 0.00 0.00 0.00 0.00 0.00 0.00 0.00 0.00 0.00 0.00 0.00 0.00 0.00 0.00 0.00 0.00 0.00 0.00 0.00 0.00 0.00
3.00 3.00 3.00 3.00 7.20 4.09 0.00 0.00 0.00 0.00 0.00 0.00 0.01 0.00 0.00 0.00 0.00 0.00 0.00 0.00 0.00 0.00 0.00 0.00 0.00 0.00 0.00 0.00 0.00 0.00 0.00 0.00 0.00 1.00 1.00 1.00 1.00 1.00 1.00 1.00 1.00 1.00 1.00 2729.47 102.83 1.00 1.00 1448.20 493.13 644.79 10.07 1.00 1.00 0.00 0.00 0.00 0.00 0.00 0.00 0.00 0.01 0.00 0.00 0.00 0.00 0.00 0.00 0.00 0.00 0.00 0.00 0.00 0.00 0.00 0.00 0.00 0.00 0.00 0.00 0.00 0.00 0.00 0.00 0.00 0.00 0.00 0.00
3.00 3.00 3.00 3.00 3.00 9.58 0.00 0.00 0.00 0.00 0.00 0.00 0.00 0.00 0.00 0.00 0.00 0.00 0.00 0.00 0.00 0.00 0.00 0.00 0.00 0.00 0.00 0.00 0.00 0.00 0.00 0.00 0.00 0.00 1.00 1.00 1.00 1.00 1.00 1.00 1.00 1.00 1.00 1.00 2.74 5.21 1.00 2728.47 2727.47 0.02 0.00 0.00 0.00 0.00 0.00 0.00 0.00 0.00 0.00 0.00 0.00 0.00 0.00 0.00 0.00 0.00 0.00 0.00 0.00 0.00 0.00 0.00 0.00 0.00 0.00 0.00 0.00 0.00 0.00 0.00 0.00 0.00 0.00 0.00 0.00 0.00 0.00
3.00 3.00 3.00 3.00 3.00 9.23 0.00 0.00 0.00 0.00 0.00 0.00 0.00 0.00 0.00 0.00 0.00 0.00 0.00 0.00 0.00 0.00 0.00 0.00 0.00 0.00 0.00 0.00 0.00 0.00 0.00 0.00 0.00 0.00 0.00 1.00 1.00 1.00 1.00 1.00 1.00 1.00 1.00 1.00 1.00 1.00 0.10 0.01 0.01 0.03 0.27 2.73 0.00 0.00 0.00 0.00 0.00 0.00 0.00 0.00 0.00 0.00 0.00 0.00 0.00 0.00 0.00 0.00 1.00 1.00 1.00 1.00 1.00 1.00 1.00 1.00 1.00 1.00 1.00 0.00 0.00 0.00 0.00 0.00 1.00 1.00 1.00
