OUTPUT-RE/DISPLACEMENTS/Dist_20th_475years/Disp_20th__Earthquake475m-05_PGA=3.11__Ru=0.27_20.txt
ncols         654
nrows         1178
xllcorner     514480
yllcorner     4496780
cellsize      20
nodata_value  -9999.0
[rows 858 to 896 of 1178, columns 0 to 86 of 654]
0.00 1.81 2.43 nan nan nan nan nan nan nan nan nan nan nan nan nan nan nan nan nan nan nan nan 0.04 0.03 0.02 0.00 0.00 0.00 1.55 1.00 1376.07 2429.56 2371.66 nan nan nan nan nan nan nan nan nan nan nan nan nan 2428.19 1068.19 2427.93 2427.93 2427.65 2427.65 2427.65 7.27 1.00 1.00 1.00 1.00 1.00 1.00 1.00 1.00 1.00 1.00 2426.08 nan nan nan 2425.36 2425.36 2425.36 2424.99 2424.99 nan 2424.60 2424.60 2424.19 2424.19 19.00 8.57 5.73 1.00 1.00 1.00 1.00 2.96
nan nan nan nan nan nan nan nan nan nan nan nan nan nan nan nan nan nan nan nan nan nan nan 2.43 0.46 0.03 0.03 0.00 3.91 1282.73 2429.74 nan 2429.56 nan nan nan nan nan nan nan nan nan nan nan nan nan nan 1367.41 2428.19 2427.93 2258.02 1666.30 2427.65 1125.45 1.00 1.00 1.00 1.00 1.00 1.00 1.00 1.00 1.00 1.00 10.37 nan 2425.73 7.86 1.00 1.00 3.15 981.06 328.99 2424.99 nan nan 2424.60 2424.19 2424.19 8.38 7.09 1.18 1.00 1.00 1.00 1.00 18.06
nan nan nan nan nan nan nan nan nan nan nan nan nan nan nan nan nan nan nan nan nan nan nan 2.43 2.43 0.78 0.26 2431.86 1095.85 1607.08 nan 2431.48 2431.48 nan nan nan nan nan 2430.84 363.83 2430.84 nan nan nan nan 2430.35 232.34 5.95 2430.09 2429.82 443.92 4.95 36.41 3.84 1.00 1.00 1.00 1.00 1.00 1.00 2428.61 1.00 1.00 3.01 2427.94 2427.94 1.00 1.00 1.00 1.00 1.00 1.20 1012.56 2426.83 nan nan 2426.43 2426.02 2426.02 4.97 1.00 1.00 1.00 1.00 1.00 1.00 153.48
nan nan nan nan nan nan nan nan nan nan nan nan nan nan nan nan nan nan nan nan nan nan 2.43 2.43 2.43 2.43 2.43 2431.86 252.96 2211.02 2431.68 2431.48 nan nan nan nan nan 2431.06 1.00 1.00 212.57 2430.60 nan 2430.35 1.00 2.71 4.01 14.21 2173.42 2429.82 42.78 6.60 26.98 1.00 1.00 1.00 1.00 1.00 1.00 112.84 73.82 1.00 1.00 2428.28 1.00 2427.94 1.00 1.00 1.00 1.00 1.00 1.00 1.53 188.40 2426.43 169.42 1.62 11.39 1.00 1.00 1.00 1.00 1.00 1.00 1.00 1.00 2424.72
nan nan nan nan nan nan nan nan nan nan nan nan nan nan nan nan nan nan nan nan nan nan 2.43 2.43 2.43 0.09 2431.86 2431.86 2431.68 2431.68 1570.56 2431.48 nan nan nan nan nan 207.32 1.00 2.84 10.09 196.12 2430.60 2430.35 1.00 1.00 1.96 4.07 2310.31 2429.82 2.92 10.38 2.60 1.00 1.00 1.00 1.00 2428.93 1.00 1.00 1.00 2428.28 nan 1.00 1.00 2427.94 1.00 1.00 1.00 1.00 1.00 1.00 1.00 37.00 2426.43 1.00 1.00 1.00 1.00 1.00 1.00 1.00 1.26 7.48 7.82 1.00 309.60
nan nan nan nan nan nan nan nan nan nan nan nan nan nan nan nan nan nan nan nan nan 2.43 2.43 2.43 2.43 2.43 nan nan nan 2431.68 2431.68 12.76 2431.48 nan nan nan nan nan 56.32 1143.63 2430.84 2430.60 2430.60 20.19 1.00 1.00 1.00 1.00 3.53 25.71 1.99 1.00 1.00 1.00 1.00 1.00 1.00 2428.93 32.32 1.00 1.00 1.80 2428.28 1.00 1.00 nan 1.00 1.00 1.00 1.00 1.00 1.00 1.00 1.00 1.07 1.00 1.00 1.00 1.00 1.00 1.00 1.00 139.32 2425.17 2424.72 2424.72 2424.72
0.02 nan 0.00 nan nan nan nan nan nan nan nan nan nan nan nan nan nan nan nan nan nan 2.43 2.43 2.43 2.43 2.43 nan nan nan nan 2431.68 1720.02 nan nan nan nan nan nan 2430.84 2430.84 2430.84 2430.60 2430.60 2430.35 1.40 1.00 1.98 1.00 1.35 2.64 1.00 1.00 1.00 1.00 1.00 1.00 2.03 1.00 1.00 1.00 1.00 1.00 1.00 2428.28 nan nan 1.00 1.00 1.00 1.00 1.00 1.00 1.00 1.00 1.00 1.00 1.00 1.00 1.00 1.00 1.00 1.00 26.28 2425.17 2424.72 2424.72 2424.72
2.44 0.01 2.44 nan nan nan nan nan nan nan nan nan nan nan nan nan nan nan nan nan nan nan nan nan 2.43 nan nan nan nan 14.89 7.11 2433.42 2198.36 2433.21 nan nan nan 2432.99 51.31 172.96 136.06 885.55 31.61 29.49 2432.25 31.31 20.85 10.08 1.00 1.00 1.00 1.00 1.00 1.00 1.00 1.00 1.00 1.00 1.00 1.00 1.00 1.00 1.00 388.99 2429.79 nan nan 1.00 1.00 1.00 1.00 1.00 1.00 1.00 1.00 1.00 1.00 1.00 16.97 10.37 1.00 1.00 13.68 2426.99 2426.53 2426.53 2052.10
2.44 0.04 nan nan nan nan nan nan nan nan nan nan nan nan nan nan nan nan 2.43 nan nan 2.43 2.43 nan 2.43 nan nan nan nan 2433.62 1.00 1.00 1.00 141.23 2433.21 2433.21 1323.77 2432.99 2432.75 2432.75 1427.80 64.14 1385.15 1665.39 20.52 17.22 13.62 1.89 6.64 5.09 1.00 1.00 1.00 1.00 1.00 1.00 1.00 1.00 1.00 1.00 1.00 1.00 1.00 1.00 2429.79 nan nan 1.00 1.00 1.00 1.00 1.00 1.00 1.00 1.00 1.00 1.00 70.36 2324.37 3.91 1.91 1.00 1.19 7.77 523.31 2426.53 2426.53
2.44 2.44 nan nan nan nan nan nan nan nan nan nan nan nan nan nan 2.43 2.43 2.43 nan nan 2.43 2.43 2.43 2.43 nan nan nan 2433.62 2433.62 2433.62 8.10 1.00 1.00 1.00 3.18 7.63 733.46 nan nan 2432.75 2432.51 362.86 31.77 48.89 28.87 18.87 11.13 14.35 7.71 1.00 1.00 1.00 1.00 1.00 1.00 1.00 1.00 1.00 3.10 1.00 1.00 1.00 1.00 2429.79 2429.79 nan 2429.43 1.00 1.00 1.00 1.00 1.00 1.00 1.00 1.00 1.00 1.00 2.21 3.19 1.00 1.00 1.00 1.00 1.00 14.02 23.62
0.04 0.88 2.44 2.44 nan nan nan nan nan nan nan nan nan nan nan 0.00 0.00 0.03 2.43 2.43 2.43 2.43 2.43 0.02 2.43 nan nan nan nan nan 2433.62 2433.42 10.24 1.00 1.00 1.00 1.00 34.17 2432.75 nan nan nan nan 1.00 1.00 1268.27 1.02 1.00 1.00 2431.71 2.90 1.00 1.00 1.00 1.00 1.00 1.00 1.00 1.38 1.00 1.00 1.00 1.00 8.27 nan 24.59 2429.43 2429.43 2.78 1.89 1.24 1.00 1.00 1.00 1.00 1.00 1.00 1.00 34.82 17.09 2.75 2.64 1.00 1.00 1.00 1.00 1.00
0.01 0.05 0.06 2.44 nan nan nan nan nan nan nan nan 2.43 nan nan 0.00 0.02 0.00 0.04 2.43 2.43 2.43 2.43 1.16 0.71 2.43 nan nan nan nan nan 2433.42 2433.42 26.87 4.77 13.35 2340.54 46.68 1.02 2432.75 nan nan nan nan 454.48 2.12 12.65 9.85 4.65 2431.71 2431.71 12.00 1.00 1.00 1.00 1.00 1.00 3.33 3.56 1271.20 2430.48 1.66 1624.11 nan nan 2429.79 2429.43 2429.43 2.02 1.00 1.00 3.51 8.26 8.73 1.71 1.00 1.00 1.00 1.31 1.00 1.00 1.00 1.00 1.00 1.00 1.00 1.00
2.44 2.44 2.44 nan nan nan nan nan nan nan nan nan nan nan nan 0.35 0.22 2.44 2.44 2.44 0.97 0.00 0.02 2.44 2.44 2.15 2.44 nan nan nan nan 2308.22 14.82 985.58 34.26 2435.15 nan 2434.92 17.81 120.03 2434.68 nan 2434.43 2434.17 2.88 1282.74 2433.89 2433.89 2433.89 2433.61 2433.61 1.95 1.00 1.00 1.00 1.00 1.00 29.00 2432.68 2.06 1.00 1.00 20.44 2432.01 2431.65 2431.65 2431.28 2431.28 2431.28 89.38 30.33 25.25 6.98 1.77 4.52 1.00 1.00 1.00 2.99 1.00 1.00 1.00 1.00 1.00 1.00 1.00 1.00
nan 2.44 nan nan nan nan nan nan nan nan nan nan nan nan 2.44 2.44 2.44 2.44 1.31 2.41 0.12 0.00 0.00 0.00 0.00 0.00 0.72 2.44 nan nan nan 1841.42 1.40 2435.15 nan nan nan 2434.92 2434.68 16.88 37.09 2434.43 254.36 1.03 1.00 1.00 2433.89 nan 2433.89 1879.43 2433.61 2433.31 1.77 1.00 1.00 1.00 1.00 1.00 1.00 1.00 173.78 1.00 1.00 2432.01 6.78 15.03 1294.05 1784.05 2431.28 1142.89 31.86 11.46 3.58 51.15 1.95 1.00 1.00 1.00 5.22 1.00 1.00 1.00 1.00 1.00 1.00 1.00 1.00
2.44 2.44 2.44 nan nan nan nan nan nan nan nan nan nan nan 2.44 2.44 2.44 2.44 2.44 0.00 0.00 0.00 0.00 0.00 0.00 0.00 0.01 2.44 2.44 nan nan 2435.37 1.00 12.57 2435.15 nan nan nan 2434.68 9.63 3.00 6.74 147.91 2434.17 1.03 1.00 2433.89 2433.89 777.23 9.08 2433.61 2433.31 15.43 1.00 1.00 1.43 3.52 3.71 7.27 2.34 1.00 1.00 1.00 32.61 1.00 1.00 1.16 38.27 2431.28 2430.90 21.19 13.32 1.81 1.23 1.00 1.00 1.00 1.00 1.75 1.00 1.00 1.00 1.00 1.00 1.00 1.00 2.08
2.44 nan nan nan nan nan nan nan nan nan nan nan nan 2.44 2.44 2.44 2.44 2.44 0.00 0.00 0.00 0.00 0.00 0.00 0.00 0.00 0.00 0.02 2.44 2.44 2.44 nan nan 2435.15 108.27 nan nan nan 2.86 5.04 14.21 35.47 2434.43 120.96 147.78 2434.17 2433.89 2433.89 1908.35 1612.63 2433.61 2433.31 2433.31 11.84 1.17 1.16 15.35 39.76 1.00 1.00 1.15 1.00 1.00 1.00 1.00 1.00 1.00 39.35 2431.28 2.52 1.02 1.00 1.05 1.00 1.00 1.00 1.00 1.83 12.61 1.00 1.00 1.00 1.00 1.00 1.00 1.00 1.00
2.44 2.44 nan nan nan nan nan nan nan nan nan nan nan 2.44 2.44 2.44 2.44 0.20 0.00 0.00 0.00 0.00 0.00 0.00 0.00 0.00 0.00 0.00 2.44 2.44 2.44 2.44 nan nan nan nan nan 2436.86 1.00 1.00 3.21 3.87 9.95 55.82 7.53 12.02 2435.81 nan 2435.81 89.26 2435.51 2435.21 1586.31 10.28 15.55 129.47 2434.57 2434.57 2434.57 21.89 1.00 1.00 1.00 1.00 1.00 1.00 1.00 1.00 1.52 1.00 1.00 1.00 1.00 1.00 1.00 1.00 1.00 76.09 26.55 1.00 1.00 1.00 1.00 1.00 1.00 1.00 1.00
2.44 nan nan nan nan nan nan nan nan nan nan nan 2.44 0.01 0.02 0.62 2.44 0.11 0.00 0.00 0.00 0.00 0.00 0.00 0.00 0.00 0.00 0.00 0.00 2.44 2.44 2.44 2.44 2.44 nan nan nan 2436.86 1.00 1.00 1.00 3.39 13.57 12.65 33.63 2339.83 2435.81 2435.81 9.78 7.19 2435.51 2435.21 26.01 3.41 666.28 2434.89 2434.57 2434.57 2434.57 3.16 1.00 1.00 1.00 1.00 1.00 1.00 1.00 1.00 1.00 1.48 1.00 1.00 1.00 1.00 1.00 1.00 1.26 9.52 1.58 1.00 1.00 1.00 1.00 1.00 1.00 1.00 1.00
nan nan nan nan nan nan nan nan nan nan nan 0.13 0.00 0.00 0.00 0.01 1.44 0.03 0.00 0.00 0.00 0.00 0.00 0.00 0.00 0.00 0.00 0.00 0.00 2.24 2.44 2.44 2.44 2.44 2.44 2.44 2.44 nan 2436.61 2436.61 11.67 22.51 2068.13 2436.09 2436.09 2436.09 2435.81 631.94 2.70 11.37 2435.51 2435.21 2435.21 2435.21 2434.89 2434.89 2434.57 2434.57 2434.57 2.84 1.00 1.00 1.00 1.00 1.00 1.00 1.00 1.00 1.00 4.97 1.05 1.00 1.00 1.00 1.00 1.00 1.00 1.00 1.00 1.00 1.00 1.00 1.00 1.00 1.00 1.00 1.00
nan nan nan nan nan nan nan nan nan nan 0.02 0.00 0.00 0.00 0.00 0.00 0.01 0.00 0.00 0.00 0.00 0.00 0.00 0.00 0.00 0.00 0.01 0.00 0.00 0.01 0.02 2.35 2.44 2.44 2.35 0.04 2.44 2.44 1.37 2.44 861.92 1397.38 2436.36 2436.09 2436.09 2436.09 35.54 1.92 39.57 22.34 2435.51 2435.21 nan 2435.21 226.15 703.25 2434.57 2434.57 2434.57 42.07 1.00 1.00 1.00 1.00 1.00 1.61 12.85 2433.14 886.96 1.06 1.00 1.00 1.00 1.00 1.00 1.00 1.15 1.00 1.00 2.47 6.31 1.00 1.00 1.00 1.00 1.00 1.00
2.44 nan 2.44 nan nan nan nan nan nan 2.44 0.00 0.00 0.00 0.00 0.00 0.00 0.00 0.00 0.00 0.00 0.00 0.00 0.00 0.00 0.00 0.00 0.00 0.00 0.00 0.00 0.00 0.02 2.33 0.00 0.01 2.44 2.44 2.44 2.05 2.44 2.44 0.09 0.00 2.44 2.44 0.01 2435.81 nan 12.04 286.91 2435.51 nan 2435.21 2435.21 2434.89 1982.30 2434.57 2434.57 2434.57 nan 59.56 24.24 1.00 1.00 1.00 2433.51 2433.14 nan nan 1.33 1.00 1.00 1.00 1.00 2.39 1.00 1.00 1.00 1.00 11.87 45.58 35.51 1.00 1.00 1.00 1.00 1.00
nan 2.44 nan nan nan nan nan nan 2.44 0.01 0.00 0.00 0.00 0.00 0.00 0.00 0.00 0.00 0.00 0.00 0.00 0.00 0.00 0.00 0.00 0.00 0.00 0.00 0.00 0.00 0.00 0.00 0.00 0.00 0.00 0.02 2.44 2.44 2.44 0.94 2.44 2.44 0.06 0.03 2.44 2.44 0.01 0.10 0.14 0.01 2.44 2.44 2.44 2437.12 29.09 169.52 2436.46 2436.46 nan 2436.11 2436.11 2435.75 1429.59 10.69 4.33 507.21 nan nan 2435.00 2434.60 103.19 35.67 1.00 1.00 3.56 1.00 1.00 1.00 1.00 1.00 85.73 238.99 1.00 1.00 1.00 1.00 1.00
nan nan nan nan nan nan nan 0.00 0.01 0.01 0.01 0.00 0.00 0.00 0.00 0.00 0.00 0.01 0.00 0.00 0.00 0.00 0.00 0.00 0.00 0.00 0.00 0.00 0.00 0.00 0.00 0.00 0.00 0.00 0.00 0.00 0.57 2.44 2.44 2.44 2.44 2.44 0.01 2.44 0.03 0.01 0.01 0.00 0.01 2.44 nan nan nan 0.00 0.00 0.00 2.44 2.44 2.44 2.44 0.07 0.00 0.00 0.00 0.00 0.01 2.44 0.07 0.01 0.00 0.00 0.04 0.01 1.00 1.00 7.34 6.50 10.26 1.00 1.00 2432.90 1597.09 2.62 1.00 1.00 1.00 1.00
nan nan nan nan nan nan nan 0.00 0.07 0.07 0.01 0.01 0.01 0.00 0.00 0.00 2.44 0.03 0.00 0.02 0.02 0.00 0.00 0.00 0.00 0.00 0.00 0.00 0.00 0.00 0.00 0.00 0.00 0.00 0.00 0.00 0.00 2.44 2.44 2.44 2.44 nan 2.44 0.01 0.01 2.44 0.01 0.00 0.43 nan 2.44 2.44 2.44 2.44 0.12 2.44 2.44 2.44 0.04 0.04 0.01 0.01 0.00 0.00 0.00 0.00 0.02 0.28 0.02 0.01 0.01 0.01 1.24 2.13 0.00 0.00 0.00 0.00 0.00 0.02 2.43 2.43 2.23 0.00 0.00 0.00 0.00
nan nan nan nan nan nan 2.24 0.00 0.00 0.00 0.00 0.01 0.00 0.00 0.00 0.02 0.04 0.01 0.00 0.02 0.00 0.00 0.00 0.00 0.00 0.00 0.00 0.00 0.00 0.00 0.00 0.00 0.00 0.00 0.00 0.00 0.00 0.00 1.27 nan nan nan 2.44 2.44 2.44 2.44 nan nan 2.44 0.00 2.44 2.44 2.44 nan 2.44 2.44 2.44 nan 2.44 0.76 0.34 0.37 0.02 0.01 0.01 0.00 0.02 2.44 2.44 2.43 2.43 2.43 2.43 2.43 0.02 0.00 0.93 2.43 0.24 2.29 2.43 nan 2.43 2.43 2.32 2.43 0.01
nan nan nan nan 0.00 2.44 0.00 0.00 0.00 0.00 0.00 0.00 0.00 0.00 0.00 0.00 0.00 0.00 0.00 0.00 0.00 0.00 0.00 0.00 0.00 0.00 0.00 0.00 0.00 0.00 0.00 0.00 0.00 0.00 0.00 0.00 0.00 0.00 0.00 0.10 nan nan 2.44 2.44 nan nan nan nan nan nan nan nan nan nan 2.44 0.42 2.44 2.44 2.44 2.44 0.01 0.01 0.01 0.01 0.11 2.44 0.03 0.02 0.95 0.07 0.04 0.03 0.12 0.08 0.17 0.00 0.00 2.44 0.40 0.02 2.43 2.43 2.43 2.43 0.01 0.03 0.01
nan nan 2.44 0.00 0.00 2.44 0.01 0.00 0.00 0.00 0.00 0.00 0.00 0.00 0.00 0.00 0.00 0.00 0.00 0.01 0.01 0.02 0.00 0.00 0.00 0.00 0.00 0.00 0.00 0.00 0.00 0.00 0.00 0.00 0.00 0.00 0.00 0.00 0.00 0.00 0.01 2.44 2.44 2.13 2.44 2.44 nan nan nan nan 2.44 2.44 2.44 2.44 2.44 2.44 0.16 0.04 2.38 0.72 0.00 0.00 0.00 0.00 0.00 0.00 0.00 0.00 0.00 0.00 0.00 0.00 0.00 0.00 0.00 0.00 0.00 0.00 0.00 0.00 0.08 0.32 0.02 0.00 0.00 0.00 0.00
nan nan 0.00 0.02 2.44 2.44 0.27 0.01 0.00 0.01 0.03 0.01 0.00 0.02 0.00 0.00 0.00 0.01 0.05 1.92 2.44 0.02 0.00 0.00 0.00 0.00 0.00 0.00 0.00 0.00 0.00 0.00 0.00 0.00 0.00 0.00 0.00 0.00 0.00 0.00 0.00 0.00 0.00 0.00 0.00 0.00 0.05 nan nan nan nan nan 2.44 0.04 0.52 1.53 2.44 2.44 2.44 0.01 0.00 0.00 0.00 0.00 0.00 0.00 0.00 0.00 0.00 0.00 0.00 0.00 0.00 0.00 0.00 0.00 0.00 0.00 0.00 0.00 0.00 0.01 0.00 0.00 0.00 0.00 0.00
0.00 0.00 0.00 0.02 1.24 2.44 1.60 0.01 0.00 0.06 2.01 0.04 0.11 0.04 0.01 0.00 0.00 0.00 0.01 0.01 0.00 0.00 0.00 0.00 0.00 0.00 0.00 0.00 0.00 0.00 0.00 0.00 0.00 0.00 0.00 0.00 0.00 0.00 0.00 0.00 0.00 0.00 0.00 0.00 0.00 0.00 0.00 0.00 2.44 nan nan 2.44 2.44 0.02 0.94 2.44 0.07 0.05 0.68 2.44 2.44 0.00 0.00 0.00 0.00 0.00 0.00 0.00 0.00 0.00 0.00 0.00 0.00 0.00 0.00 0.00 0.00 0.00 0.00 0.00 0.00 0.00 0.00 0.00 0.00 0.00 0.00
0.02 0.01 0.00 0.00 2.44 2.44 2.44 0.00 0.01 0.65 0.01 0.00 0.03 0.02 0.01 0.00 0.00 0.00 0.00 0.00 0.00 0.00 0.00 0.00 0.00 0.00 0.00 0.00 0.00 0.00 0.00 0.00 0.00 0.00 0.00 0.00 0.00 0.00 0.00 0.00 0.00 0.00 0.00 0.00 0.00 0.00 0.00 0.00 0.01 2.44 2.44 2.44 2.44 2.44 0.54 0.01 0.01 0.01 0.02 0.01 2.44 2.44 0.01 0.00 0.00 0.00 0.00 0.00 0.00 0.00 0.00 0.04 0.00 0.00 0.00 0.00 0.00 0.00 0.00 0.00 0.00 0.00 0.00 0.00 0.00 0.00 0.00
2.45 2.45 0.00 0.00 2.45 2.45 0.00 0.00 0.00 0.00 0.00 0.00 0.01 0.01 0.03 0.01 0.00 0.00 0.00 0.00 0.00 0.00 0.00 0.00 0.00 0.00 0.00 0.00 0.00 0.00 0.00 0.00 0.00 0.00 0.00 0.01 0.04 0.01 0.00 0.00 0.00 0.00 0.00 0.00 0.00 0.00 0.00 0.00 0.03 2.44 2.44 2.44 0.15 0.07 0.07 0.02 0.01 0.00 0.01 0.00 0.00 2.44 nan 2.44 0.00 0.00 0.00 0.00 0.00 0.00 0.00 0.02 2.44 0.00 0.00 0.00 0.00 0.00 0.00 0.00 0.00 0.00 0.00 0.00 0.00 0.00 0.00
2.45 2.45 1.74 0.00 2.21 2.45 0.00 0.00 0.00 0.00 0.00 0.00 0.00 0.07 0.16 0.01 0.00 0.00 0.00 0.00 0.00 0.00 0.00 0.00 0.00 0.00 0.00 0.00 0.00 0.00 0.00 0.00 0.00 0.00 0.00 2.44 0.05 0.01 0.00 0.00 0.00 0.00 0.00 0.00 0.00 0.00 0.00 0.00 0.10 0.02 0.00 0.00 0.00 0.00 0.01 0.01 0.00 0.00 0.00 0.00 0.00 0.00 2.44 2.44 0.01 0.00 0.00 0.00 0.00 0.00 0.00 0.00 0.30 2.44 0.00 0.00 0.00 0.00 0.00 0.00 0.00 0.00 0.00 0.00 0.00 0.00 0.00
nan nan 2.45 2.45 2.45 0.02 0.00 0.00 0.00 0.00 0.00 0.00 0.00 0.00 0.02 0.00 0.00 0.00 0.00 0.00 0.00 0.00 0.00 0.00 0.00 0.00 0.00 0.00 0.00 0.00 0.00 0.00 0.00 0.00 0.00 2.44 0.01 0.01 0.01 0.00 0.00 0.00 0.00 0.00 0.00 0.00 0.00 0.00 0.01 0.00 0.00 0.00 0.00 0.00 0.01 0.00 0.00 0.00 0.00 0.00 0.00 0.00 2.44 0.64 0.00 0.00 0.00 0.00 0.00 0.00 0.00 0.00 0.00 0.01 0.00 0.00 0.00 0.00 0.00 0.00 0.00 0.00 0.00 0.00 0.00 0.00 0.00
nan nan 2.45 0.03 0.00 0.03 0.02 0.00 0.00 0.00 0.00 0.00 0.00 0.00 0.00 0.00 0.00 0.00 0.00 0.00 0.00 0.00 0.00 0.00 0.00 0.00 0.00 0.00 0.00 0.00 0.00 0.00 0.00 0.00 0.01 0.53 0.01 0.01 0.02 0.00 0.00 0.00 0.00 0.00 0.00 0.00 0.00 0.00 0.00 0.00 0.00 0.00 0.00 0.00 0.00 0.00 0.00 0.00 0.00 0.00 0.00 0.00 2.44 0.04 0.00 0.00 0.00 0.00 0.61 0.00 0.00 0.00 0.00 0.01 0.00 0.00 0.00 0.00 0.00 0.00 0.00 0.00 0.00 0.00 0.00 0.00 0.00
nan nan 0.00 0.00 0.00 0.01 0.85 0.00 0.00 0.00 0.00 0.00 0.00 0.00 0.00 0.00 0.00 0.00 0.00 0.00 0.04 0.00 0.00 0.00 0.00 0.00 0.00 0.00 0.00 0.00 0.00 0.00 0.00 0.00 0.00 0.02 0.00 0.01 0.00 0.00 0.00 0.00 0.00 0.00 0.00 0.00 0.00 0.00 0.00 0.00 0.00 0.00 0.00 0.00 0.00 0.00 0.00 0.00 0.00 0.00 0.00 0.02 2.44 0.05 0.00 0.01 0.00 0.01 2.44 0.00 0.00 0.00 0.00 0.00 0.00 0.00 0.00 0.00 0.01 0.00 0.00 0.00 0.00 0.00 0.00 0.00 0.00
nan nan 0.00 0.00 0.00 0.01 2.14 0.00 0.00 0.00 0.00 0.00 0.00 0.00 0.00 0.00 0.00 0.00 0.00 0.01 0.23 0.00 0.00 0.00 0.00 0.00 0.00 0.00 0.00 0.00 0.00 0.00 0.00 0.00 0.00 0.00 0.00 0.00 0.00 0.00 0.00 0.00 0.00 0.00 0.00 0.00 0.00 0.01 0.00 0.00 0.00 0.00 0.00 0.00 0.00 0.00 0.00 0.00 0.00 0.00 0.00 2.44 0.00 0.00 2.44 2.44 2.44 2.44 2.44 0.00 0.00 0.00 0.00 0.00 0.00 0.00 0.00 0.01 0.00 0.00 0.00 0.00 0.00 0.00 0.00 0.00 0.00
nan nan 0.00 0.00 0.00 0.00 0.01 0.00 0.00 0.00 0.00 0.00 0.00 0.00 0.00 0.00 0.00 0.00 0.00 0.01 0.00 0.00 0.00 0.00 0.00 0.00 0.00 0.00 0.00 0.00 0.00 0.00 0.00 0.00 0.00 0.00 0.00 0.00 0.00 0.00 0.00 0.00 0.00 0.00 0.00 0.00 0.00 2.44 0.00 0.03 0.01 0.00 0.00 0.00 0.00 0.00 0.00 0.02 0.00 0.00 0.00 0.00 2.44 0.00 0.00 2.44 2.44 2.44 2.44 0.71 0.00 0.00 0.00 0.01 0.00 0.00 0.00 0.00 0.00 0.00 0.00 0.00 0.00 0.00 0.01 0.06 0.04
nan nan 0.00 0.00 0.00 0.00 0.01 0.00 0.00 0.00 0.00 0.00 0.00 0.00 0.00 0.00 0.00 0.00 0.00 0.00 0.00 0.00 0.00 0.00 0.00 0.00 0.00 0.00 0.00 0.00 0.00 0.00 0.00 0.00 0.00 0.00 0.00 0.00 0.00 0.00 0.00 0.00 0.01 0.13 0.00 0.00 0.00 2.44 0.01 2.44 0.02 0.00 0.00 0.00 0.00 0.00 0.00 1.97 0.01 0.00 0.00 0.00 0.00 0.01 0.00 2.44 2.44 2.44 2.44 2.44 0.03 0.08 0.00 0.00 0.02 0.00 0.00 0.01 0.00 0.00 0.00 0.00 0.00 0.02 0.03 2.44 1.11
nan nan 0.00 0.00 0.00 0.02 0.36 0.00 0.00 0.00 0.00 0.00 0.00 0.00 0.00 0.00 0.00 0.00 0.00 0.00 0.00 0.00 0.02 0.00 0.00 0.02 0.00 0.01 0.00 0.00 0.00 0.00 0.00 0.00 0.00 0.00 0.00 0.00 0.00 0.00 0.00 0.00 0.14 2.44 2.44 2.44 nan nan 2.44 2.44 0.42 0.00 0.00 0.00 0.00 0.00 0.00 0.00 0.00 0.00 0.00 0.00 0.00 0.00 0.01 nan nan nan nan 2.44 2.44 0.16 2.44 0.01 0.18 0.36 0.01 2.44 0.00 0.00 0.00 0.00 0.00 0.02 0.01 0.01 2.44
