OUTPUT-RE/DISPLACEMENTS/Dist_20th_475years/Disp_20th__Earthquake475m-03_PGA=2.87__Ru=0.27_20.txt
ncols         654
nrows         1178
xllcorner     514480
yllcorner     4496780
cellsize      20
nodata_value  -9999.0
[rows 429 to 467 of 1178, columns 348 to 434 of 654]
nan 2662.23 286.36 2661.51 2661.51 0.02 0.00 0.00 0.00 0.00 0.06 2.66 2.66 2.66 2.66 2.66 2.66 nan nan 2.66 0.00 0.00 0.00 0.00 0.34 2.65 2.65 2654.86 10.01 1.00 3.07 669.36 2653.36 nan nan nan nan 30.47 8.79 7.31 2650.35 2650.35 nan 2649.59 26.87 2648.83 2648.83 2648.83 2648.07 2648.07 nan nan nan nan nan nan 1971.57 1.45 nan nan nan nan 2.64 nan nan nan nan nan nan nan nan nan nan nan nan nan nan nan nan nan nan nan nan nan nan nan nan
nan 10.14 5.39 2661.51 2.66 2.66 2.38 0.08 0.05 0.09 2.66 0.13 0.14 2.66 2.66 2.66 nan nan nan 2.57 0.00 0.00 0.00 0.00 0.00 0.03 0.10 2654.86 2654.11 19.73 82.69 2653.36 2653.36 nan nan nan nan 2651.86 534.24 2651.10 2650.35 2.86 nan nan 68.92 2648.83 2648.83 2648.83 2648.07 nan nan nan nan nan nan nan nan 2645.78 2645.01 nan nan nan nan nan nan nan nan nan nan nan nan nan nan nan nan nan nan nan nan nan nan nan nan nan nan nan nan
2662.23 3.39 2661.51 2.66 2.66 2.66 2.66 2.66 0.01 0.00 0.04 2.66 2.66 0.65 2.66 nan 2.66 2.66 nan 0.03 0.01 2.66 0.05 0.01 0.00 0.00 3.00 849.49 2654.11 2654.11 1892.28 36.82 2653.36 nan nan nan nan nan nan nan 1207.56 1.00 18.28 nan 2649.59 1008.21 2648.83 2648.83 2648.07 nan nan nan nan nan nan nan nan nan 12.96 nan nan nan nan nan 2.64 nan nan nan 2.64 nan nan nan nan nan nan nan nan nan nan nan nan nan nan nan nan nan nan
3.15 36.00 2661.51 0.15 2.66 2.66 2.66 2.66 0.18 0.00 2.66 2.66 2.66 2.66 nan 2.66 0.00 0.00 nan nan 2.66 2.66 0.00 0.00 0.00 3.56 204.96 2654.86 167.66 97.56 21.47 10.33 86.34 1966.67 2652.61 nan nan nan nan 2651.10 2029.63 13.06 1713.64 10.42 5.44 345.50 2648.83 nan nan nan nan 2647.31 2647.31 nan nan nan nan 2645.78 nan nan nan nan nan nan 2.64 nan nan nan nan 2.64 nan nan nan nan nan nan nan nan nan nan nan nan nan nan nan nan nan
12.70 2663.74 2.66 0.00 0.01 2.66 2.66 2.66 0.11 2.66 nan nan 2.66 2.66 0.09 0.00 0.00 0.01 nan nan nan 2.66 0.00 0.00 0.00 2656.34 2656.34 2656.34 6.09 1.14 6.22 34.99 2654.84 30.15 7.01 nan 2653.34 nan nan 2652.58 11.09 1676.27 2651.83 82.05 9.97 24.84 2650.31 nan nan nan nan nan 2648.78 2648.02 nan nan nan nan nan nan nan nan nan 2.64 nan nan nan 2.64 2.64 2.64 nan nan nan nan nan nan nan nan nan nan nan nan nan nan nan nan nan
92.09 2.66 2.66 0.01 2.66 nan nan nan 2.66 2.66 2.66 2.66 2.66 2.66 0.00 0.00 0.00 nan 2.66 nan nan 2.66 0.01 0.00 2657.09 2656.34 2656.34 154.62 1.00 1.57 2278.34 67.91 2654.84 2654.09 11.69 2653.34 2653.34 2653.34 nan 2652.58 2651.83 2651.83 2651.83 1.00 1786.71 2650.31 531.76 278.56 nan nan nan nan nan nan nan nan nan nan nan nan nan nan nan nan nan nan nan 2.64 2.64 2.64 nan nan nan nan nan nan nan nan nan nan nan nan nan nan nan nan nan
2.66 nan 2.66 2.66 2.66 nan 2.66 2.66 2.66 2.66 2.66 0.04 0.00 0.02 0.00 0.03 2.66 nan 1.96 nan 2.66 2.66 0.08 2657.09 2657.09 nan 2656.34 3.38 1.00 1.00 2654.84 2654.84 2542.74 2389.08 306.70 37.00 2653.34 2653.34 2652.58 2652.58 2651.83 nan 2651.83 1.00 2651.07 2650.31 174.16 25.86 683.83 nan nan nan nan nan nan nan nan nan 2.65 2.65 nan nan nan nan 2.64 2.64 nan nan nan 0.19 nan nan nan nan nan nan nan nan nan nan nan nan nan nan nan nan nan
nan nan 2.66 nan 2.66 2.66 2.66 2.66 2.66 2.20 0.04 0.04 0.02 0.03 0.00 nan nan 2.66 2.66 2.66 2.66 2.66 nan 2657.09 2657.09 2558.06 2656.34 nan 1.00 1.00 5.23 2654.84 2654.84 25.84 6.49 8.56 2653.34 98.78 1.00 nan 2651.83 2651.83 2651.83 2008.38 2651.07 2650.31 2650.31 2650.31 13.46 2649.55 nan nan nan nan 2648.02 nan nan nan 2.65 nan nan nan nan nan nan 2.64 nan nan 2.64 nan nan nan nan nan nan nan nan nan nan nan nan nan nan nan nan nan nan
2.67 2.67 nan nan 2.66 2.66 2.66 0.03 0.00 0.02 0.02 0.03 0.00 0.01 2.66 nan nan 2.66 2.66 2.66 nan nan nan 2658.57 2658.57 2657.82 2657.82 2657.82 2657.07 11.83 1.00 2656.32 2656.32 9.58 5.80 244.43 1515.81 35.08 2654.05 2654.05 383.51 2653.30 2653.30 2652.54 2050.27 2651.78 1186.50 953.35 29.43 1.73 nan nan nan nan 2.65 nan nan 2.65 2.65 nan nan nan nan nan nan nan nan 2.65 2.64 2.64 nan nan nan nan nan nan nan nan nan nan nan nan nan nan nan nan nan
2.67 2.67 nan 2.66 2.66 2.66 2.66 2.66 2.66 0.01 0.00 0.00 0.01 0.03 2.66 2.66 nan 2.66 0.11 nan 2.66 nan nan 2658.57 2658.57 2657.82 2657.82 2657.82 2657.07 1.28 2656.32 10.63 8.23 2.18 62.36 2654.81 2222.79 249.81 2654.05 2654.05 nan nan 2653.30 16.77 91.34 2651.78 703.74 10.70 11.93 6.86 3.33 2650.25 2.65 nan 2.65 nan nan nan nan nan nan nan nan 2.65 2.65 nan nan 2.65 2.64 nan nan nan nan nan nan nan nan nan nan nan nan nan nan nan nan nan nan
2.67 nan nan nan 2.66 nan 2.66 2.66 2.66 0.01 0.00 0.00 0.04 2.66 2.66 2.66 2.66 0.00 0.00 nan nan nan 2658.57 2658.57 2658.57 2657.82 69.38 2657.82 647.05 1.00 14.82 440.92 5.16 1.00 2.02 343.68 2654.81 2654.81 2654.05 2654.05 2653.30 2653.30 nan 1.00 1.00 2651.78 2651.78 2650.73 2651.01 2651.01 2651.01 1.82 2.65 2.65 2.65 nan nan nan nan nan nan nan nan nan nan 2.65 nan nan nan 2.64 2.64 nan nan nan nan nan nan nan nan nan nan nan nan nan nan nan nan
2.67 nan nan nan nan 2.66 2.66 2.66 2.66 2.66 0.02 0.09 0.01 2.66 2.66 2.66 0.00 0.00 0.02 nan nan nan 2658.57 nan nan nan nan nan 2657.07 2657.07 697.85 576.47 52.30 8.45 1.00 1.26 nan nan nan nan nan nan nan 2652.54 23.76 nan 2651.78 2651.78 2651.01 2651.01 2.65 2.65 2.65 2.65 2.65 nan nan nan 1.18 nan nan nan nan nan nan nan nan nan nan nan 2.64 nan nan nan nan nan nan nan nan nan nan nan nan nan nan nan nan
2.67 nan nan nan nan nan 2.66 nan nan nan 2.66 2.66 0.00 2.66 2.66 0.13 0.00 0.00 2660.06 nan nan nan nan 2658.57 nan nan nan nan nan nan 2656.32 2656.32 2656.32 2655.57 1.00 1.88 2654.81 nan nan nan nan nan nan 2652.54 1271.39 nan nan nan 2.65 0.05 0.00 2.65 2.65 2.65 2.65 2.65 nan nan nan nan nan nan nan nan nan nan nan nan nan nan nan nan nan nan nan nan nan nan nan nan nan nan nan nan nan nan nan
2.67 2.67 nan nan nan nan nan nan nan nan nan 2.66 1.14 2.66 2.53 0.00 0.00 0.00 2661.54 nan nan nan nan 2660.05 2660.05 2659.30 nan 2659.30 2658.54 2658.54 2657.79 2657.79 14.59 22.61 26.06 4.51 1.00 2656.28 2655.52 2655.52 2654.76 2654.76 1232.62 111.85 1.32 2343.42 2.65 nan nan 2.65 0.01 0.00 2.65 2.65 2.65 2.65 2.65 2.65 nan nan nan 2.65 2.65 2.65 2.65 nan nan nan 2.65 2.65 nan nan nan nan nan nan nan nan nan nan nan nan nan nan nan nan nan
2.67 2.67 nan nan nan nan nan nan nan 2.66 2.66 2.66 2.66 0.79 0.00 0.00 0.00 125.15 590.09 2661.54 2660.80 2660.80 2660.05 2660.05 1542.16 25.29 2659.30 2659.30 2658.54 4.34 5.37 25.32 16.68 4.43 20.71 3.64 1.00 1.26 7.69 2655.52 2654.76 0.01 0.00 0.00 0.00 2.65 2.65 nan nan 2.65 0.02 0.00 0.00 1.55 0.01 0.00 2.65 nan nan nan nan nan 2.65 2.65 2.65 nan 2.65 2.65 2.65 2.65 nan nan nan nan nan nan nan nan nan nan nan nan nan nan nan nan nan
2.67 2.67 2.67 nan nan nan nan nan nan nan 2.66 2.66 2.66 2.66 0.00 0.00 2.82 2661.54 280.28 32.00 2660.80 2660.80 2660.05 2660.05 2660.05 2659.30 2659.30 2659.30 3.75 1.00 2.11 22.80 47.74 41.44 21.77 2.65 1.00 13.44 2655.52 0.04 0.00 0.00 0.00 0.01 0.07 2.65 2.65 nan 2.65 2.65 2.65 0.01 0.00 0.01 0.03 0.06 2.65 2.65 2.65 nan nan nan 2.65 2.65 2.65 2.65 nan 2.65 2.65 2.65 2.65 nan nan nan nan nan nan nan nan nan nan nan nan nan nan nan nan
1.78 2.67 2.67 2.67 nan nan 2.67 nan nan nan nan 2.66 nan 0.48 0.00 13.32 14.11 199.10 1403.45 24.77 20.71 1660.54 2660.05 2660.05 2660.05 2659.30 2659.30 47.37 1.00 1.00 1.12 59.23 28.00 19.34 25.47 1.72 2.47 0.00 0.00 2.66 2.65 0.09 0.12 0.13 2.65 2.65 2.65 2.65 2.65 2.65 2.65 0.30 0.02 0.02 0.01 0.00 0.00 2.65 2.65 nan nan nan nan 2.65 2.65 2.65 2.65 2.65 2.65 2.65 2.65 nan nan nan nan nan nan nan nan nan nan nan nan nan nan nan nan
2.67 2.67 2.67 2.67 2.67 2.67 2.67 2.67 2.67 2.67 2.67 2.67 2.66 2.66 2.22 1.89 62.07 30.48 26.36 2126.41 2662.27 2662.27 2661.52 2661.52 2661.52 2660.76 2.72 1.00 1.00 1.00 17.43 5.79 4.28 10.56 38.95 5.77 0.00 0.00 0.00 0.00 2.66 2.66 2.66 2.66 2.66 2.65 2.65 2.65 2.65 2.65 2.65 0.05 0.00 0.00 0.00 0.01 0.02 2.65 0.00 2.65 nan nan nan 2.65 2.65 2.65 2.65 2.65 2.65 2.65 nan nan nan nan nan nan nan nan nan nan nan nan nan nan nan nan nan
0.00 2.67 2.67 2.67 0.03 0.17 2.67 2.67 2.67 2.67 2.67 2.67 0.00 2664.51 2664.51 1.00 22.22 1506.75 2663.02 2663.02 2662.27 2662.27 2661.52 2661.52 171.91 14.70 2660.76 2660.76 1.00 1.00 35.32 6.06 3.95 14.02 52.61 0.00 0.00 0.00 0.00 0.00 0.00 2.66 2.66 2.66 0.08 2.65 2.65 nan nan 2.65 2.65 2.65 0.00 0.01 0.00 0.01 0.01 0.07 2.65 2.65 nan nan nan 2.65 2.65 2.65 2.65 0.03 2.65 2.65 2.65 nan nan nan nan nan nan nan nan nan nan nan nan nan nan nan nan
0.00 2.67 nan 2.67 0.14 0.02 0.00 0.00 2.67 2.67 2.67 0.03 2664.51 475.78 4.38 2663.77 2663.77 2663.02 82.56 803.25 2662.27 2662.27 18.58 16.04 14.56 10.06 2660.76 nan 2660.01 1.00 1.96 42.41 14.05 1.00 0.00 0.00 0.00 0.00 0.00 0.00 0.00 0.59 2.66 2.66 2.66 2.65 2.65 2.65 2.65 2.65 2.65 2.65 2.65 0.02 0.02 109.88 2651.62 5.39 11.65 nan nan nan nan nan 2.65 2.65 1.13 0.01 0.00 0.00 0.00 nan nan nan nan nan nan nan nan nan nan nan nan nan nan nan nan
0.00 2.67 2.67 2.67 2.67 0.04 0.00 0.00 2.67 2.67 2.67 2665.26 2664.51 2664.51 2664.51 2663.77 2663.77 nan 2663.02 2663.02 1627.84 1.00 1.00 1.00 40.48 1733.62 2660.76 2660.76 nan 2660.01 1.00 1.46 1.00 1.00 0.00 0.00 0.00 0.00 0.00 0.00 0.00 1.11 2.66 2.66 2.66 0.07 2.65 2.65 2.65 2.65 2.65 2.65 nan 2652.39 160.95 67.62 132.79 2.25 8.35 11.26 nan nan nan nan 2.65 0.21 0.00 0.00 0.00 0.00 0.00 2.65 nan nan nan nan nan nan nan nan nan nan nan nan nan nan nan
0.00 2.67 2.67 2.67 2.67 2.67 0.01 0.00 0.00 2.67 0.23 2665.26 nan nan 17.83 2663.77 nan nan nan 2663.02 1.00 1.00 1.00 1.37 104.76 2660.76 nan nan 2660.01 167.77 1.00 1.00 1.00 0.00 0.00 0.00 0.00 0.00 0.00 0.00 0.00 2.46 2.66 0.00 0.00 1.18 0.01 2.65 2.65 nan nan nan nan 26.79 20.39 23.48 21.33 19.02 1.00 1.00 nan nan nan nan 1557.72 0.00 0.00 0.00 0.00 0.02 2.65 2.65 2.65 nan nan nan nan nan nan nan nan nan nan nan nan nan nan
0.00 0.27 0.09 2.67 2.67 2.67 2.40 0.00 0.00 0.00 2.67 2666.74 2665.99 2665.99 2665.99 nan nan nan nan nan 2663.74 3.15 59.84 60.58 2142.21 2662.23 nan nan 2661.47 2.21 30.72 33.82 0.00 0.00 0.00 0.00 0.00 0.00 0.00 0.00 0.00 2.66 0.06 0.00 0.00 0.20 0.01 509.33 nan nan nan nan nan 21.20 31.24 18.99 1.62 4.72 1.00 1.00 2652.29 nan nan nan nan 0.00 0.01 0.04 0.02 0.03 2.65 nan 2.65 0.01 nan nan nan nan nan nan nan nan nan nan nan nan nan
0.00 0.00 2.67 2.66 2.67 0.02 0.01 0.00 0.00 0.03 2666.74 2666.74 2665.99 209.98 1.01 2665.24 nan nan nan nan nan 2663.74 564.51 11.95 1.00 1.00 13.47 2662.23 2661.47 2661.47 0.02 0.02 0.00 0.00 0.00 0.00 0.00 0.00 0.00 0.00 0.00 0.00 2.66 0.04 0.01 2656.14 1983.03 2656.14 nan nan nan nan nan 14.14 28.67 8.97 1.92 1.00 1.00 1.00 46.23 nan nan nan nan 2650.75 1.03 0.48 0.04 0.72 2.65 2.65 2.65 2.65 nan nan nan nan nan nan nan nan nan nan nan nan nan
0.00 0.00 0.00 0.27 0.06 0.00 0.00 0.00 0.00 0.03 2503.57 1633.23 nan 2665.99 2.71 3.45 nan nan nan nan nan 2663.74 1.00 1.00 1.00 1.00 1.00 2662.23 2661.47 1.56 0.02 0.01 0.00 0.00 0.00 0.00 0.00 0.00 0.00 0.00 0.00 0.00 65.45 2656.91 142.00 2656.14 2656.14 2656.14 2655.37 nan nan nan nan 1.25 15.28 25.54 14.73 2.07 1.00 1.50 2652.29 nan nan nan nan 2650.75 0.03 0.03 0.04 0.01 0.73 nan nan 2.65 nan nan nan nan nan nan nan nan nan nan nan nan nan
0.00 0.00 0.00 0.00 0.00 0.00 0.00 0.00 0.00 5.06 2666.74 2666.74 2665.99 2665.99 115.73 1.27 2665.24 nan nan nan nan 2663.74 414.72 66.81 1.52 1.00 25.79 5.18 0.01 0.01 0.00 0.00 0.00 0.00 0.00 0.00 0.00 0.00 0.00 1.00 1.00 2.14 1166.77 2621.14 13.16 nan nan nan nan nan nan nan nan nan nan 2653.83 2653.06 2653.06 445.34 94.79 282.02 nan nan nan nan nan nan 2.65 2.65 2.65 2.65 2.65 nan nan nan nan nan nan nan nan nan nan nan nan nan nan nan
0.00 0.00 1.00 1.00 1.00 0.00 0.00 0.00 49.54 414.45 2666.74 nan nan nan nan 440.89 1918.95 1565.18 nan nan nan nan nan 2662.98 1.00 1.00 0.00 0.00 0.00 0.00 0.00 0.00 0.00 0.00 0.00 0.00 0.00 8.28 7.59 1.30 1.00 1.00 2.43 2656.91 2656.91 nan nan nan nan nan nan nan nan nan nan 2653.83 2653.06 2653.06 2652.29 2652.29 2652.29 2651.52 nan nan nan nan nan 2.65 2.65 2.65 nan 2.65 nan nan nan nan nan nan nan nan nan nan nan nan nan nan nan
1.00 1.00 1.00 2.29 1.00 1.00 1.00 1.00 1.00 1.00 1.00 14.27 42.43 nan nan 2666.71 2666.71 21.82 2.12 2665.96 nan nan nan 2.66 0.02 0.00 0.00 0.00 0.00 0.00 0.00 0.00 0.00 0.00 0.00 1.00 1.00 1.00 1.32 1.00 1.00 1.00 1.00 1.00 1.00 1.41 nan nan nan nan nan nan nan nan nan 2655.27 20.89 7.61 1.00 1.20 15.91 7.23 5.59 nan nan nan nan nan 2.65 1.00 2.65 2.65 2.65 2.65 nan nan nan nan nan nan nan nan nan nan nan nan nan
1.00 1.00 1.00 1.00 1.00 1.00 1.00 1.00 1.00 1.00 1.00 1.00 1.00 1.53 2667.47 9.05 5.42 0.00 0.00 0.05 2.67 nan nan 2.66 0.08 0.07 0.00 0.00 0.00 0.00 0.00 0.00 0.00 2.10 1.00 1.00 1.00 1.00 1.00 1.00 1.00 1.00 1.00 1.00 1.00 1.00 2657.58 nan nan nan nan nan nan nan nan 2655.27 30.94 1.34 1.00 1.00 1.00 1.12 1.00 2652.18 nan nan 2.65 nan nan 2.65 2.65 2.65 2.65 2.06 nan nan nan nan nan nan nan nan nan nan nan nan nan
0.00 0.00 0.00 1.00 1.00 1.00 1.00 1.00 1.00 1.00 6.20 1.00 1.00 1.00 0.00 0.00 0.00 0.00 0.00 0.02 2.67 2.67 2.66 2.66 1.05 2.66 2.66 0.01 0.01 2.66 2662.17 2662.17 34.43 1.00 1.00 1.00 1.00 1.00 1.00 1.00 1.00 1.00 1.00 1.00 1.00 1.00 81.60 nan nan nan nan nan nan nan nan 2655.27 1.31 2.80 1.00 1.00 1.00 1.00 3.56 2652.18 nan 2.65 2.65 2.65 nan 2.65 2.65 2.65 2.65 nan nan nan nan nan nan nan nan nan nan nan nan nan nan
0.00 0.00 0.00 0.00 0.00 0.00 0.00 0.00 0.00 0.00 0.00 0.00 0.00 0.00 0.00 0.00 0.00 0.00 0.00 0.00 0.00 2.67 2.66 2.66 0.02 149.20 2663.69 nan nan nan nan 150.74 1.00 1.00 1.00 1.00 1.00 1.00 1.00 1.00 1.00 1.00 1.00 1.00 1.00 1.00 2.33 nan nan nan nan nan nan nan 2655.27 2655.27 2654.50 11.33 1.00 1.00 1.00 2.09 7.41 44.37 2.65 2.65 2.65 2.65 2.65 2.65 2.65 2.65 2.65 nan nan nan nan nan nan nan nan nan nan nan nan nan nan
0.00 0.00 0.00 0.00 0.00 0.00 0.00 0.00 0.00 0.00 0.00 0.00 0.00 0.00 0.00 0.00 0.00 0.00 0.00 0.00 0.00 0.71 2665.91 2665.91 2546.14 2665.15 nan nan nan nan nan 1.00 1.00 1.00 1.00 1.00 1.00 1.00 1.00 1.00 1.00 1.00 1.00 1.00 1.00 1.00 6.23 nan nan nan nan nan nan nan nan 2656.70 9.34 1.43 1.00 1.00 1.00 1.21 7.82 0.00 0.02 2.65 2.65 2.65 0.20 0.01 0.00 2.65 0.01 2.65 nan nan nan nan nan nan nan nan nan nan nan nan nan
0.00 0.00 0.00 0.00 0.00 0.00 0.00 0.00 0.00 0.00 0.00 0.00 0.00 0.00 0.00 0.00 0.00 0.00 1.00 1.00 1.07 412.12 2665.91 2665.91 2665.91 nan nan nan nan nan nan 1.00 1.00 1.00 1.00 1.00 1.00 1.00 1.00 1.00 1.00 1.00 1.00 1.00 1.00 1.00 71.06 nan nan nan nan nan nan nan nan 2656.70 5.58 1.00 1.00 1.00 1.24 0.00 0.00 0.00 0.00 0.19 0.07 1.34 0.07 0.00 0.00 0.00 2.23 2.65 nan nan nan nan nan nan nan nan nan nan nan nan nan
0.00 0.00 0.00 0.00 0.00 0.00 0.00 0.00 0.00 0.00 0.00 0.00 0.00 0.00 0.00 1.00 1.00 1.00 1.00 1.00 1.00 1.25 2665.91 2665.91 nan nan 20.56 2665.15 nan nan nan 1.00 1.00 1.00 1.00 1.00 1.00 1.00 1.00 1.00 1.00 1.00 1.00 1.00 1.00 1.00 2659.02 nan nan nan nan nan 2657.47 2656.70 2656.70 2656.70 nan 98.99 1.00 1.00 0.00 0.00 0.00 0.00 0.00 0.01 1.64 0.01 0.00 0.00 0.00 0.00 0.00 nan nan nan nan nan nan nan nan nan nan nan nan nan nan
0.00 0.01 0.00 0.00 0.00 0.00 0.00 0.00 0.00 0.00 0.00 0.00 0.00 1.00 1.00 1.39 1.00 1.00 1.00 1.00 1.00 25.96 17.42 2665.91 2665.91 13.57 16.50 nan nan nan nan nan 67.04 1.00 1.00 1.00 1.00 1.00 1.00 1.00 1.00 1.00 1.00 1.00 1.00 1.00 2659.02 nan nan nan nan 2657.47 131.16 66.33 1280.55 38.12 2132.17 1427.69 0.00 0.00 0.00 0.00 0.00 0.00 0.00 0.00 0.01 0.00 0.00 0.00 0.00 0.00 0.00 nan nan nan nan nan nan nan nan nan nan nan nan nan nan
0.01 0.78 0.00 0.00 0.00 0.00 0.00 0.00 0.00 0.00 0.00 1.00 1.00 1.00 5.61 5.48 1.00 1.00 1.00 1.00 1.00 407.85 29.40 4.40 1.30 15.07 2665.15 nan nan 2664.38 2663.62 2663.62 nan 24.19 1.00 1.00 1.00 1.00 1.00 1.00 1.00 1.00 1.00 1.00 1.00 1.00 2659.02 nan nan nan 1.69 1.00 1.00 2.96 28.18 2656.70 2655.93 0.02 0.00 0.00 0.00 0.00 0.00 0.00 0.00 0.01 0.00 0.00 0.00 0.00 0.00 0.00 0.00 nan nan nan nan nan nan nan nan nan nan nan nan nan nan
0.01 0.02 0.00 0.00 0.00 0.00 0.00 0.00 0.00 0.00 1.00 1.00 1.00 1.00 1.03 1.00 1.00 1.00 1.00 1.00 1.00 19.21 19.68 20.31 14.93 17.92 29.44 1.00 nan nan 928.33 2665.07 2665.07 2664.30 1.00 1.00 1.00 1.00 1.00 1.00 1.00 1.00 1.00 1.00 1.00 1.00 nan nan nan nan 2659.68 1.00 1.00 183.31 2658.13 2.66 2.66 1.52 0.00 0.00 0.00 0.00 0.00 0.00 0.10 0.00 0.00 0.00 0.00 0.00 0.00 0.00 0.00 2.65 nan nan nan nan nan nan nan nan nan nan nan nan nan
0.00 0.00 0.00 0.00 0.00 0.00 0.00 0.00 1.00 1.00 1.00 1.00 1.00 1.00 1.00 1.00 1.00 1.00 1.00 1.00 1.08 3.06 15.44 8.51 1.00 1.00 1.00 1.00 2665.84 nan 30.35 2665.07 2665.07 2133.43 1.00 1.00 1.00 1.00 1.00 1.00 1.00 1.00 1.00 1.00 1.00 1.00 nan nan nan nan 2659.68 6.23 63.89 0.07 2.66 2.66 2.66 2.66 0.02 0.00 2.43 0.02 0.01 0.00 0.48 0.01 0.00 0.00 0.00 0.00 0.00 0.00 0.00 2.65 nan nan nan nan nan nan nan nan nan nan nan nan nan
0.00 0.00 0.00 0.00 0.06 0.00 0.00 1.00 1.00 1.00 1.00 1.00 1.00 1.00 1.00 1.00 1.00 1.00 1.00 1.00 1.00 1.00 6.40 1.22 1.00 1.06 1.00 2.12 2665.84 2665.84 2665.07 106.09 249.98 7.71 1.00 1.00 1.00 1.00 1.00 1.00 1.00 1.00 1.00 1.00 1.00 1.00 2660.45 nan nan nan 2659.68 431.01 0.00 0.00 2.66 2.66 1.95 0.07 0.03 0.00 0.26 2.66 2.66 2.66 2.59 0.00 0.00 0.00 0.00 0.00 0.00 0.00 0.01 0.00 nan nan nan nan nan nan nan nan nan nan nan nan nan
