OUTPUT-RE/DISPLACEMENTS/Dist_20th_475years/Disp_20th__Earthquake475m-04_PGA=3.70__Ru=0.27_20.txt
ncols         654
nrows         1178
xllcorner     514480
yllcorner     4496780
cellsize      20
nodata_value  -9999.0
[rows 152 to 189 of 1178, columns 435 to 521 of 654]
1.58 1.58 0.29 0.03 0.41 1.58 0.84 0.00 0.02 nan nan nan 1.57 0.00 0.00 1573.98 1573.98 1573.46 209.45 1.00 1.00 11.70 66.93 37.29 1572.43 240.79 1.00 1.00 1.00 1.00 1.00 1.00 1.00 1.00 0.00 0.00 0.00 0.00 nan nan nan 1.57 1.57 nan 1.57 1.57 0.07 0.00 0.00 0.04 0.27 1.57 1.57 1.57 0.01 0.01 1.57 1.57 1.57 0.02 0.00 1.57 nan nan nan nan nan 1564.39 12.70 nan nan nan nan nan nan nan nan nan nan nan nan nan nan nan 0.00 0.00 0.00
1.58 1.58 0.22 0.03 0.68 1.58 0.19 1.58 1.58 nan nan 1.58 0.00 0.00 0.00 1.00 105.85 88.52 6.37 1.00 1.00 2.33 7.08 1572.43 124.32 1.00 1.00 1.00 1.00 1.00 1.00 1.00 0.00 0.00 0.00 0.00 0.00 0.02 nan nan 1.57 nan 1.57 1.57 nan nan 1.57 1.13 0.01 0.00 0.01 0.02 1.57 1.57 0.01 0.01 0.01 0.73 0.08 0.00 0.00 1.57 nan nan nan nan nan 1564.39 nan 1563.96 nan nan nan nan nan nan nan nan nan nan nan nan nan 1.56 0.00 0.00 0.00
1.58 1.58 1.08 0.06 0.58 1.54 0.10 1.58 1.58 nan nan 1.58 0.00 0.00 0.00 1.00 2.29 15.53 1.38 1.00 1.00 1.00 15.90 5.66 1.00 1.00 1.00 1.00 1.00 1.00 1.00 0.00 0.00 0.00 0.00 0.00 0.01 1.57 1.57 1.57 0.01 1.57 1.57 nan nan 1.57 1.57 0.00 0.00 0.00 0.00 0.01 1.57 1.57 1.57 0.02 0.01 1.00 0.01 0.00 0.00 1.57 1.57 nan nan nan 1564.39 78.71 1563.96 1563.96 nan nan nan nan nan nan nan nan nan nan nan nan 1.50 0.00 0.00 0.00 0.00
1.58 1.58 1.58 1.50 0.12 0.04 0.02 1.58 1.58 nan nan 0.52 0.00 0.00 0.00 1.00 1.00 13.64 1.49 1.00 1.00 1.00 1.21 1.00 1.00 1.00 1.00 1.00 1.00 1.00 1.00 0.00 0.00 0.00 0.00 0.00 0.00 0.00 0.00 0.00 0.00 0.00 0.05 0.17 1.57 1.57 1.46 0.27 0.01 0.02 1.57 1.57 0.04 1.57 1.57 1.36 0.08 0.03 0.00 0.00 0.00 1.57 1.57 nan nan nan 1564.39 1564.39 1283.48 1563.96 nan 1563.54 1563.54 nan nan nan nan nan 1.56 1.56 nan 0.02 0.00 0.00 0.00 0.00 0.00
1.58 1.58 1.58 1.58 0.34 0.03 0.04 1.58 1.58 nan nan 0.05 0.00 0.00 0.00 0.00 1.00 1.00 1.79 1.00 1.00 1.00 1.00 1.00 1.00 1.00 1.00 1.00 1.00 1.00 1.00 0.00 0.00 0.00 0.00 0.00 0.00 0.00 0.00 0.00 0.00 0.00 0.00 0.00 0.01 1.57 1.57 1.57 1.57 1.57 0.01 0.01 1.57 1.57 1.57 0.13 0.29 0.29 0.01 0.00 0.00 1.57 nan nan nan nan 1565.03 1565.03 1564.60 1564.60 1564.60 1564.18 1564.18 nan nan nan nan nan 1.56 nan 1.56 0.00 0.00 0.00 0.00 0.00 0.00
1.58 0.08 0.02 0.05 1.58 1.58 1.58 1.58 1.58 1.58 nan 0.01 0.00 0.00 0.00 0.00 1.00 1.00 1.00 1.00 1.00 1.00 1.00 1.00 1.04 5.45 1.00 1.00 1.00 1.00 0.00 0.00 0.00 0.00 0.00 0.00 0.00 0.00 0.00 0.00 0.00 0.00 0.00 0.00 0.02 1.57 1.57 1.57 1.57 1.57 0.04 0.06 0.02 1.57 1.57 0.00 0.00 1.57 0.00 0.00 0.00 0.71 nan nan nan nan 1565.03 1565.03 nan 1564.60 1564.60 nan nan nan nan nan nan nan 1.56 1.56 0.00 0.00 0.00 0.00 0.00 1.00 1.00
1.58 0.04 0.04 0.11 0.28 1.58 1.58 1.58 1.58 1.58 1.58 0.00 0.00 0.00 0.00 0.00 1.00 1.00 1.00 1.00 1.00 1.00 1.00 1.00 21.91 1572.56 2.05 1.00 1.00 1.00 0.00 0.00 0.00 0.00 0.00 0.00 0.00 0.00 0.00 0.00 0.00 0.00 0.00 0.00 0.24 1.57 1.57 1.57 1.57 1.57 0.06 1.57 1.57 0.37 0.13 0.01 1.57 1.57 0.00 0.00 0.00 1.57 nan nan nan 1565.46 306.65 1565.03 nan 1564.60 nan nan nan nan nan 1.56 0.49 0.01 0.00 0.00 0.00 0.00 0.00 0.00 1.00 1.00 1.00
1.58 0.03 0.03 1.58 1.58 0.05 1.58 1.58 1.58 1.58 1.58 0.00 0.00 0.00 0.00 0.00 1.00 1.00 1.00 1.00 1.00 1.00 5.03 3.75 nan 1247.51 7.47 1.00 1.00 1.00 0.00 0.00 0.00 0.00 0.00 0.00 0.00 0.00 0.00 0.00 0.00 0.00 0.00 0.00 1.57 1.57 1.57 1.57 1.57 1.57 nan 0.17 0.00 0.05 0.10 1.57 nan 0.27 0.00 0.00 1.57 nan nan nan nan 1565.46 1565.03 1565.03 nan nan nan nan nan 1563.77 1.00 1.00 0.00 0.00 0.00 0.00 0.00 0.00 0.00 0.00 1.00 1.00 1.00
1.58 0.03 0.04 1.58 1.58 0.04 1.58 1.58 1.58 1.58 1.58 0.01 0.00 0.00 0.00 0.00 0.00 1.00 1.00 1.00 1.00 1573.58 60.89 1573.07 1573.07 1572.56 1572.56 2.05 1.00 0.00 0.00 0.00 0.00 0.00 0.00 0.00 0.00 0.00 0.00 0.01 0.00 0.00 0.00 1.57 1.57 1.57 1.57 1.57 1.57 1.57 1.57 nan 0.02 0.00 nan nan 1.57 0.00 0.00 1.57 1.57 nan nan nan nan nan 1565.03 nan nan nan nan nan nan 1.00 1.00 1.00 1.00 0.00 0.00 0.00 0.00 0.00 0.00 1.00 1.00 1.00 1.00
1.58 0.04 0.06 1.58 1.58 0.05 1.58 1.58 1.58 1.58 0.00 0.00 0.00 0.00 0.00 0.00 0.00 1.00 3.91 1.00 1.43 1574.24 8.70 1573.72 1573.72 1573.21 1573.21 2.07 1.00 0.00 0.00 0.00 0.00 0.01 0.00 0.00 0.00 0.00 0.00 0.01 0.02 0.00 0.37 1.57 1.57 1.57 1.57 1.57 1.57 1.57 1.57 1.57 1.57 1.57 nan nan 0.00 0.00 0.00 1.57 nan nan nan nan nan nan nan nan nan nan nan nan 1564.84 1.00 1.00 1.00 1.00 1.00 1.00 1.00 1.00 1.00 0.00 1.00 1.00 1.00 1.00
1.44 0.14 0.03 0.14 0.08 0.12 1.58 1.58 1.58 1.58 1.58 1.54 1.58 0.00 0.00 0.00 0.00 1.00 3.61 1.00 30.61 26.13 6.14 1.00 7.64 1573.21 30.13 10.86 10.17 0.01 0.02 0.03 0.01 0.01 0.00 0.01 0.00 0.00 0.00 0.00 0.00 0.00 1.57 1.57 1.57 0.03 1.57 1.57 0.02 1.57 1.57 0.01 0.00 0.26 nan 1.57 0.00 0.00 0.00 nan nan nan nan nan nan nan 1565.68 nan nan nan nan nan 256.94 1.00 1.00 1.00 1.00 1.00 1.00 1.00 1.00 1.00 0.00 1.00 1.00 1.00 1.00
0.02 0.05 0.01 0.01 0.00 0.00 0.01 1.58 1.58 1.58 0.05 0.01 1.58 1.58 1.11 0.00 0.00 0.00 9.07 17.44 1.48 1.00 1.00 1.00 11.57 1573.21 1129.88 1.00 0.00 0.58 1.57 1.57 1.57 1.40 0.01 0.03 0.08 0.06 1.57 0.09 0.01 0.03 1.57 1.57 1.57 0.14 1.42 0.00 0.00 1.57 0.09 0.01 0.00 1.57 nan 1.57 0.00 0.00 1.57 nan 1.57 1.57 nan nan nan nan nan nan nan nan nan nan 1.00 1.00 1.00 1.00 1.00 1.00 1.00 1.00 1.00 0.00 0.00 1.00 1.00 1.00 1.00
1.58 0.01 0.00 0.03 0.01 0.00 0.00 0.00 0.00 0.02 0.98 0.01 0.00 0.00 1.58 0.03 0.00 0.00 1.28 47.89 1.00 1.00 2.95 44.47 1573.72 1573.21 1.00 1.00 0.00 0.00 0.05 0.09 0.03 0.00 0.00 0.01 0.13 0.26 1.57 0.41 0.03 0.18 1.57 1.57 1.57 1.57 1.57 1.57 1.57 1.57 1.57 1.57 1.57 nan 1.57 0.01 0.00 1.57 nan nan nan nan nan nan nan nan nan nan nan nan nan 11.62 1.00 1.00 1.00 1.00 1.00 1.00 1.00 1.00 0.00 0.00 0.00 0.00 1.00 nan nan
1.58 1.58 0.15 0.13 0.75 1.58 0.01 0.00 0.10 1.43 1.58 0.19 0.00 0.01 1.58 1.58 0.01 0.00 1.00 1.00 1.85 4.38 18.98 19.25 1196.43 40.36 1.00 1.00 0.00 0.00 0.00 0.02 0.01 0.00 0.00 0.03 0.13 0.46 1.57 0.43 0.03 0.33 1.57 1.57 1.57 1.57 1.57 1.57 1.57 1.57 1.57 1.57 1.57 0.00 0.00 0.00 0.00 nan nan nan nan nan nan nan nan nan nan nan nan nan nan 9.05 1.00 1.00 1.00 1.00 1.00 1.00 1.00 0.00 0.00 0.00 0.00 0.00 1.56 nan nan
nan 1.58 0.00 0.01 1.58 0.03 0.00 0.08 0.06 0.03 0.08 1.32 0.09 1.58 1.58 1.58 1.58 0.04 0.00 1.00 1.00 1.22 6.67 66.82 36.01 1.00 1.00 0.00 0.00 0.00 0.00 0.01 0.02 0.03 0.36 0.04 0.00 0.00 0.01 0.01 0.00 0.00 1.57 1.57 1.57 1.57 1.57 1.57 nan nan nan 0.00 0.00 0.07 0.00 0.00 0.02 nan nan nan nan nan nan nan nan nan nan nan nan nan nan 1.00 1.00 1.00 1.00 1.00 1.00 1.00 0.00 0.00 0.00 0.00 0.00 0.00 nan nan nan
1.58 0.55 0.00 0.00 0.02 0.08 0.01 0.03 0.01 0.09 1.58 1.01 0.03 1.58 1.58 1.58 1.58 0.03 3.35 1.00 1.00 1.52 20.56 1.60 1.00 1.00 1.00 0.00 0.00 0.00 0.00 0.00 0.00 0.01 0.02 0.01 0.00 0.00 0.00 0.00 0.00 0.00 0.00 1.57 1.57 1.57 1.57 nan nan nan nan nan 1.57 0.03 0.00 0.00 1.57 nan nan nan nan nan nan nan nan 1566.79 3.72 nan nan nan 1565.94 1.00 1.00 1.00 1.00 1.00 1.00 1.00 0.00 0.00 0.00 0.00 0.00 1.22 nan nan nan
0.00 1.50 0.00 0.00 0.07 1.40 0.28 0.02 0.88 1.01 1.55 1.58 1.58 1.58 1.58 nan 1.58 0.00 0.00 1.00 1.00 1.00 1.00 1.00 1.00 1.00 0.00 0.00 0.00 0.00 0.00 0.00 0.00 0.00 0.00 0.00 0.00 0.00 0.01 0.00 0.00 0.00 0.00 0.01 1.57 nan nan 1.57 1.57 nan nan 1.57 1.57 1.57 0.01 0.00 nan nan nan nan nan nan nan nan nan nan nan nan nan nan 14.64 1.00 1.00 1.00 1.00 1.00 1.00 1.00 0.00 0.00 0.00 0.00 0.00 1.56 nan nan 1.56
0.01 1.58 0.13 0.00 0.05 0.01 0.64 1.58 0.06 0.20 1.58 1.58 1.58 1.58 1.58 1.58 0.00 0.00 0.00 1.00 1.00 1.00 1.00 1.00 1.00 1.00 0.00 0.00 0.00 0.00 0.00 0.00 0.00 0.00 0.00 0.00 0.00 0.00 0.00 0.00 0.00 0.00 0.01 1.57 1.57 1.57 1.57 1.57 nan nan nan nan nan 1.57 0.00 1.57 nan nan nan nan nan nan nan nan nan nan nan nan nan 1565.94 1.00 1.00 1.00 1.00 1.00 1.00 1.00 1.00 0.00 0.00 0.00 0.00 0.00 nan nan nan 1.23
1.58 1.58 nan 1.58 0.03 0.01 0.09 0.13 1.42 1.58 0.91 0.00 0.00 0.01 0.05 0.17 0.00 0.00 0.00 1.00 1.00 1.00 1.00 1.00 1.00 0.00 0.00 0.00 0.00 0.00 0.00 0.00 0.00 0.00 0.00 0.00 0.01 0.00 0.00 0.00 0.01 1.57 1.57 0.00 0.00 1.57 1.57 nan nan nan nan nan nan nan 0.00 nan nan nan nan nan nan nan nan nan nan nan nan nan nan 4.95 1.00 1.00 1.00 1.00 1.00 1.00 1.00 0.00 0.00 0.00 0.00 0.00 0.00 nan nan nan 0.38
1.58 1.58 nan nan 0.69 0.00 0.01 0.19 0.04 0.04 0.01 0.00 0.00 0.00 0.00 0.00 0.00 0.00 0.00 0.00 1.00 1.00 1.00 1.00 1.00 0.00 0.00 0.00 0.00 0.00 0.00 0.00 0.00 0.00 0.00 0.00 0.00 0.02 1.57 0.00 0.01 1.57 1.57 1.57 0.00 1.57 nan nan 1.57 nan nan nan nan nan 1.57 nan nan nan nan nan nan nan nan nan nan nan nan nan nan 262.45 2.04 1.00 1.00 1.00 1.00 1.00 1.00 0.00 0.00 0.00 0.00 0.00 0.05 nan nan nan 0.01
1.58 1.58 nan nan 1.58 0.00 1.40 0.03 0.01 0.28 0.02 0.01 0.00 0.00 0.01 0.01 0.00 0.00 0.00 0.00 1.00 1.00 1.00 1.00 0.00 0.00 0.00 0.00 0.00 0.00 0.00 0.00 0.00 0.00 0.00 0.00 0.00 0.00 0.00 0.00 0.25 1.57 1.57 1.57 0.00 1.57 nan 1.57 1.57 nan nan nan nan 1.57 1.57 nan nan nan nan nan nan nan nan nan nan nan nan nan 86.63 119.95 1.00 1.00 1.00 1.00 1.00 1.00 1.00 0.00 0.00 0.00 0.00 0.00 1.56 nan nan 1.56 0.00
nan nan 0.00 1.58 1.53 0.10 0.13 0.34 0.00 0.00 0.00 0.01 0.00 0.00 0.00 0.00 0.00 0.00 0.00 0.00 0.00 1.00 1.00 1.00 0.00 0.00 0.00 0.00 0.00 0.00 0.00 0.00 0.00 0.00 0.00 0.00 1.57 0.00 0.01 1.57 0.50 1.57 1.57 1.57 nan 1.57 0.01 0.04 nan nan nan nan 1.57 nan 1.57 nan nan nan nan nan nan nan nan nan nan nan nan 1.00 1566.63 1566.63 1.00 1.00 1.00 1.00 1.00 1.00 0.00 0.00 0.00 0.00 0.00 0.00 1.56 nan nan nan 1.56
nan 0.16 0.00 0.00 1.54 1.42 0.01 0.00 0.00 0.00 0.07 0.00 0.00 0.00 0.00 0.00 0.00 0.00 0.00 0.00 0.00 0.00 1.00 0.00 0.00 0.00 0.00 0.00 0.00 0.00 0.00 0.00 0.00 0.00 0.00 0.00 0.00 0.01 0.03 0.15 1.57 1.57 1.57 1.57 nan 1.57 0.30 nan nan nan nan nan nan nan nan nan nan nan nan nan nan nan nan 1567.48 1567.48 nan 55.71 1446.00 1566.63 1566.63 6.43 4.90 1.00 1.00 1.00 1.00 0.00 0.00 0.00 0.00 0.00 0.00 1.56 1.56 nan nan nan
nan 0.01 0.00 0.00 0.01 0.01 0.01 0.00 0.00 0.00 0.02 0.01 0.00 0.00 0.00 0.00 0.00 0.00 0.00 0.00 0.00 0.00 0.00 0.00 0.00 0.00 0.00 0.00 0.00 0.00 0.00 0.00 0.00 0.00 0.00 0.00 0.00 0.00 0.00 0.00 0.01 1.57 1.57 1.57 nan nan nan nan 1.57 0.02 1.57 nan nan nan nan nan nan nan nan nan nan nan nan nan 1568.19 1568.19 12.24 104.30 66.48 51.37 36.73 4.52 1.00 1.00 1.00 0.00 0.00 0.00 0.00 0.00 0.00 0.00 0.00 1.57 1.56 nan nan
nan 0.05 0.00 0.00 0.00 0.00 0.00 0.00 0.00 0.00 0.04 0.06 0.00 0.00 0.00 0.00 0.00 0.00 0.00 0.00 0.00 0.00 0.00 0.00 0.00 0.00 0.00 0.00 0.00 0.00 0.00 0.00 0.00 0.00 0.00 0.00 0.00 0.00 0.00 0.00 0.00 1.57 1.57 1.57 0.00 nan nan nan 1.57 1.57 nan nan nan nan nan nan nan nan nan nan 1.57 1568.63 nan nan nan 1568.19 115.75 3.19 1.00 10.36 306.10 1.00 1.00 1.00 1.00 0.00 0.00 0.00 0.00 0.00 0.00 0.00 0.00 0.00 0.00 0.00 0.08
1.58 0.88 0.00 0.00 0.00 0.00 0.00 0.00 0.00 0.00 0.01 0.00 0.00 0.00 0.00 0.00 0.00 0.00 0.00 0.00 0.00 0.00 0.00 0.00 0.00 0.00 0.00 0.00 0.00 0.00 0.00 0.00 0.00 0.00 0.00 0.02 0.04 0.00 0.00 0.00 0.00 0.01 1.57 0.04 0.00 nan nan nan nan nan nan nan nan nan nan nan nan nan nan nan 0.41 70.80 1568.63 1568.19 nan nan 1567.77 4.03 1.00 6.19 32.05 1.00 1.00 1.00 0.00 0.00 0.00 0.00 0.00 0.00 0.00 0.00 0.00 0.00 0.00 0.00 0.00
1.58 1.58 0.00 0.00 0.00 0.00 0.00 0.00 0.00 0.00 0.00 0.00 0.00 0.00 0.00 0.00 0.00 0.00 0.00 0.00 0.00 0.00 0.00 0.00 0.00 0.00 0.00 0.00 0.00 0.00 0.00 0.00 0.00 0.00 0.00 0.01 0.04 0.01 0.00 0.00 0.00 0.00 0.04 0.02 0.00 1.57 nan nan nan nan nan nan nan nan nan nan nan nan nan 1.57 1.57 1.57 nan 1568.19 nan nan nan 5.00 1.00 16.02 17.45 1.00 1.00 1.00 0.00 0.00 0.00 0.00 0.00 0.00 0.00 0.00 0.00 0.00 0.00 0.00 0.00
1.58 0.02 0.00 0.00 0.00 0.00 0.00 0.00 0.00 0.00 0.00 0.00 0.00 0.00 0.00 0.00 0.00 0.00 0.00 0.00 0.00 0.00 0.00 0.00 0.00 0.00 0.00 0.00 0.00 0.00 0.00 0.00 0.00 0.00 0.00 0.00 0.00 0.00 0.00 0.00 0.00 0.00 0.03 0.03 0.04 1.16 1.57 nan nan nan nan nan nan nan nan nan nan 1.57 1.57 1.57 1.57 1.57 1.57 1568.93 1568.93 1.00 1568.50 114.50 1.00 3.97 4.40 1.00 1.00 0.00 0.00 0.03 0.00 0.00 0.00 0.00 0.00 0.00 0.00 0.00 0.00 0.00 0.00
1.58 0.02 0.01 0.01 0.00 0.00 0.00 0.00 0.00 0.00 0.00 0.00 0.00 0.00 0.00 0.00 0.00 0.00 0.00 0.00 0.00 0.00 0.00 0.00 0.00 0.00 0.00 0.00 0.00 0.00 0.00 0.00 0.00 0.00 0.00 0.00 0.00 0.00 0.00 0.00 0.00 0.01 0.05 1.20 1.57 1.57 nan nan nan nan 1.57 1.57 nan nan nan nan 1.57 0.06 1.57 1.57 1.57 1.57 0.01 1.00 1.00 1.00 1.00 129.10 1.00 1.00 1.00 1.00 1.00 0.00 0.06 0.16 0.02 0.00 0.00 0.00 0.00 0.00 0.06 0.01 0.01 0.00 0.00
1.58 1.58 0.37 0.10 0.01 0.00 0.00 0.00 0.00 0.00 0.00 0.00 0.00 0.00 0.00 0.00 0.00 0.00 0.00 0.00 0.00 0.00 0.00 0.00 0.00 0.00 0.00 0.00 0.00 0.00 0.00 0.00 0.00 0.00 0.00 0.00 0.00 0.00 0.00 0.00 0.01 0.02 0.24 1.57 1.57 1.57 1.57 nan nan nan 1.57 1.57 nan nan nan 1.57 0.01 0.02 0.31 1.57 1.57 0.01 0.00 1.00 1.00 1.00 1.00 1.00 1.00 1.00 1.00 1.00 0.00 0.05 1.57 1.57 1.31 0.02 0.00 0.00 0.00 0.00 1.05 0.00 1.57 1.57 0.07
1.58 1.58 1.58 1.58 0.01 0.01 0.00 0.00 0.00 0.00 0.00 0.00 0.00 0.00 0.00 0.00 0.00 0.00 0.00 0.00 0.00 0.00 0.00 0.00 0.00 0.00 0.00 0.00 0.00 0.00 0.00 0.00 0.00 0.00 0.00 0.00 0.00 0.00 0.00 0.00 0.00 0.00 0.00 0.01 1.05 0.03 1.57 1.57 1.57 nan 1.57 1.57 1.57 nan 1.57 0.05 0.02 0.04 0.06 0.01 0.03 0.00 0.00 1.00 1.00 1.00 1.00 1.00 1.00 1.00 1.00 1.00 0.00 1.57 1.57 1.57 1.57 0.23 0.01 0.07 0.05 0.04 1.57 1.57 nan nan nan
1.58 1.58 0.10 1.53 0.02 0.00 0.00 0.00 0.00 0.00 0.00 0.00 0.00 0.00 0.00 0.00 0.00 0.00 0.00 0.00 0.00 0.00 0.00 0.00 0.00 0.00 0.00 0.00 0.00 0.00 0.00 0.00 0.00 0.00 0.00 0.00 0.00 0.00 0.00 0.00 0.00 0.00 0.00 0.00 0.00 0.00 0.00 0.00 0.00 0.00 1.57 nan nan nan 1.57 1.57 0.64 0.04 0.04 0.00 0.00 0.00 0.00 0.00 1.00 1.00 1.00 1.00 1.00 1.00 1.00 0.00 1.57 1.57 1.57 1.57 1.57 0.01 0.08 0.03 0.02 1.57 1.57 nan nan nan nan
1.01 0.61 0.02 0.00 0.00 0.00 0.00 0.00 0.00 0.00 0.00 0.00 0.00 0.00 0.00 0.00 0.00 0.00 0.00 0.00 0.00 0.00 0.00 0.00 0.00 0.00 0.00 0.00 0.00 0.00 0.00 0.00 0.00 0.00 0.00 0.00 0.00 0.00 0.00 0.00 0.00 0.00 0.00 0.00 0.00 0.00 0.00 0.00 0.00 0.00 0.00 0.00 1.57 nan 0.20 1.57 1.57 0.02 0.00 0.00 0.00 0.00 0.00 0.00 0.00 1.00 1.00 1.00 1.00 1.00 1.00 1.57 1.57 1.57 1.57 1.57 0.01 0.00 0.00 0.00 0.02 0.22 1.57 nan 1.57 0.00 0.01
0.00 0.00 0.00 0.00 0.00 0.00 0.00 0.00 0.00 0.00 0.00 0.00 0.00 0.00 0.00 0.00 0.00 0.00 0.00 0.00 0.00 0.00 0.00 0.00 0.00 0.00 0.00 0.00 0.00 0.00 0.00 0.00 0.00 0.00 0.00 0.00 0.00 0.00 0.00 0.00 0.00 0.00 0.00 0.00 0.00 0.00 0.00 0.00 0.00 0.00 0.00 0.00 0.00 0.00 0.01 0.01 0.00 0.00 0.00 0.00 0.00 0.00 0.00 0.00 0.00 0.00 0.00 0.00 1.00 9.27 1.57 nan 1.57 1.57 0.02 0.00 0.00 0.31 1.57 0.10 0.01 0.02 0.02 1.57 0.10 0.00 0.00
0.00 0.00 0.00 0.00 0.00 0.00 0.00 0.00 0.00 0.00 0.00 0.00 0.00 0.00 0.00 0.00 0.00 0.00 0.00 0.00 0.00 0.00 0.00 0.00 0.00 0.00 0.00 0.00 0.00 0.00 0.00 0.00 0.00 0.00 0.00 0.00 0.00 0.00 0.00 0.00 0.00 0.00 0.00 0.00 0.00 0.00 0.00 0.00 0.00 0.00 0.00 0.00 0.00 0.00 0.00 0.00 0.00 0.00 0.00 0.00 0.00 0.00 0.00 0.00 0.00 0.00 0.00 0.00 0.00 1.57 nan nan nan 1.57 0.03 1.57 1.57 nan 1.57 1.57 0.45 0.01 0.00 0.00 0.00 0.00 0.00
0.00 0.00 0.00 0.00 0.00 0.00 0.00 0.00 0.00 0.00 0.00 0.00 0.00 0.00 0.00 0.00 0.00 0.00 0.00 0.00 0.00 0.00 0.00 0.00 0.00 0.00 0.00 0.00 0.00 0.00 0.00 0.00 0.00 0.00 0.00 0.00 0.00 0.00 0.00 0.00 0.00 0.00 0.00 0.00 0.00 0.00 0.00 0.00 0.00 0.00 0.00 0.00 0.00 0.00 0.00 0.00 0.00 0.00 0.00 0.00 0.00 0.00 0.00 0.01 1.57 1.57 1.57 1.57 1.57 nan nan nan nan nan nan nan nan nan nan 1.57 1.57 1.43 0.02 0.00 1.57 1.57 0.00
0.00 0.00 0.00 0.00 0.00 0.00 0.00 0.00 0.00 0.00 0.00 0.00 0.00 0.00 0.00 0.00 0.00 0.00 0.00 0.00 0.00 0.00 0.00 0.00 0.00 0.00 0.00 0.00 0.00 0.00 0.00 0.00 0.00 0.00 0.00 0.00 0.00 0.00 0.00 0.00 0.00 0.00 0.00 0.00 0.00 0.00 0.00 0.00 0.00 0.00 0.00 0.00 0.00 0.00 0.00 0.00 0.00 0.00 0.00 0.00 0.00 0.00 0.09 0.06 0.40 1.57 1.57 nan nan nan nan 1.57 0.24 nan nan nan nan nan nan nan 1.57 nan 1.57 nan nan 1.57 0.01
0.00 0.00 0.00 0.00 0.00 0.00 0.00 0.00 0.00 0.00 0.00 0.00 0.00 0.00 0.00 0.00 0.00 0.00 0.00 0.00 0.00 0.00 0.00 0.00 0.00 0.00 0.00 0.00 0.00 0.00 0.00 0.00 0.00 0.00 0.00 0.00 0.00 0.00 0.00 0.00 0.00 0.00 0.00 nan 0.00 0.00 0.00 0.00 0.00 0.00 nan 0.00 0.00 0.00 0.00 0.00 0.00 0.00 0.00 0.00 0.00 0.66 1.19 1.57 0.01 0.11 1.57 nan nan nan nan 0.00 nan nan nan 1.57 nan nan nan nan nan nan nan nan nan 1.57 0.69
